Mallat
--------

Z_NORM_INPUT_DATA = True
Z_NORM_SALIENCY_MAPS = True
REDUCED_TESTSET = False

METRIC_FOR_ELBOW_METHOD = "dtw"
METRIC_FOR_CLUSTERING = "dtw"

target_len = 256

bs=[8, 16]

300 epochs

model - XCM

test accuracy: 0.9573560767590619

N_INIT = 20
MAX_ITER = 500
SEED = 42
MAX_ITER_BARYCENTER = 300

##### Clustering for Saliency Maps - class 1 #####
- number of classes to cluster (ground truth): 4
- determined k: 4

cluster distribution: [269, 338, 292, 297]
ground truth per cluster:
    - [5, 5, 5, 5, 5, 5, 5, 5, 5, 5, 5, 5, 5, 5, 5, 5, 5, 5, 5, 5, 5, 5, 5, 5, 5, 5, 5, 5, 5, 5, 5, 5, 5, 5, 5, 5, 5, 5, 5, 5, 5, 5, 5, 5, 5, 5, 5, 5, 5, 5, 5, 5, 5, 5, 5, 5, 5, 5, 5, 5, 5, 5, 5, 5, 5, 5, 5, 5, 5, 5, 5, 5, 5, 5, 5, 5, 5, 5, 5, 5, 5, 5, 5, 5, 5, 5, 5, 5, 5, 5, 5, 5, 5, 5, 5, 5, 5, 5, 5, 5, 5, 5, 5, 5, 5, 5, 5, 5, 5, 5, 5, 5, 5, 5, 5, 5, 5, 5, 5, 5, 5, 5, 5, 5, 5, 5, 5, 5, 5, 5, 5, 5, 5, 5, 5, 5, 5, 5, 5, 5, 5, 1, 5, 5, 5, 5, 5, 5, 5, 5, 5, 5, 5, 5, 5, 5, 5, 5, 5, 5, 5, 5, 5, 5, 5, 5, 5, 5, 5, 5, 5, 5, 5, 5, 5, 5, 5, 5, 5, 5, 5, 5, 5, 5, 5, 5, 5, 5, 5, 5, 5, 5, 5, 5, 5, 5, 5, 5, 5, 5, 5, 5, 5, 5, 5, 5, 5, 5, 5, 5, 5, 5, 5, 5, 5, 5, 5, 5, 5, 5, 5, 5, 5, 5, 5, 5, 5, 5, 5, 5, 5, 5, 5, 5, 5, 5, 5, 5, 5, 5, 5, 5, 5, 5, 5, 5, 5, 5, 5, 5, 5, 5, 5, 5, 5, 5, 5, 5, 5, 5, 5, 5, 5, 5, 5, 5, 5, 5, 5] 

    - [3, 3, 3, 3, 3, 5, 0, 3, 3, 3, 3, 3, 3, 3, 0, 3, 3, 0, 3, 3, 3, 3, 3, 3, 3, 3, 3, 0, 3, 3, 3, 3, 3, 0, 3, 3, 0, 3, 3, 0, 3, 0, 3, 3, 3, 3, 3, 3, 0, 3, 3, 3, 0, 3, 3, 3, 3, 3, 3, 3, 3, 3, 3, 3, 3, 3, 3, 3, 3, 3, 3, 3, 3, 3, 0, 0, 3, 0, 3, 0, 3, 0, 3, 3, 3, 3, 0, 3, 0, 3, 5, 3, 3, 0, 3, 3, 0, 5, 3, 3, 3, 3, 0, 3, 3, 3, 3, 3, 3, 3, 3, 3, 3, 3, 3, 3, 0, 3, 3, 3, 3, 3, 3, 3, 3, 3, 3, 3, 3, 3, 3, 0, 3, 3, 0, 3, 0, 0, 3, 0, 3, 3, 0, 3, 3, 3, 3, 3, 3, 3, 3, 0, 0, 3, 3, 5, 5, 3, 0, 3, 3, 3, 3, 0, 3, 3, 3, 0, 3, 0, 3, 3, 0, 3, 3, 3, 3, 0, 3, 0, 3, 3, 3, 3, 3, 3, 3, 3, 3, 3, 3, 0, 3, 3, 3, 3, 3, 3, 0, 3, 0, 3, 3, 3, 3, 3, 3, 3, 3, 3, 3, 5, 3, 0, 3, 3, 3, 3, 0, 3, 0, 0, 0, 3, 3, 3, 3, 0, 3, 3, 3, 3, 3, 0, 0, 3, 0, 3, 0, 3, 3, 3, 3, 3, 3, 3, 3, 3, 3, 3, 0, 3, 3, 3, 3, 3, 3, 3, 3, 3, 3, 0, 3, 0, 3, 0, 3, 5, 3, 3, 0, 0, 3, 3, 3, 3, 3, 3, 0, 3, 3, 3, 0, 5, 3, 3, 3, 3, 3, 3, 3, 3, 3, 3, 0, 0, 3, 3, 3, 3, 3, 3, 3, 3, 3, 0, 3, 3, 5, 3, 3, 3, 3, 3, 3, 3, 3, 3, 0, 3, 3, 3, 3, 0, 3, 3, 3, 3, 3, 3, 3, 0, 3, 3, 3, 3, 3, 3] 

    - [1, 1, 1, 1, 1, 1, 1, 1, 1, 1, 1, 1, 1, 1, 1, 1, 1, 1, 1, 1, 1, 1, 1, 1, 1, 1, 1, 1, 1, 1, 1, 1, 1, 1, 1, 1, 1, 1, 1, 1, 1, 1, 1, 1, 1, 1, 1, 1, 1, 1, 1, 1, 1, 1, 1, 1, 1, 1, 1, 1, 1, 1, 1, 1, 1, 1, 1, 1, 1, 1, 1, 1, 1, 1, 1, 1, 1, 1, 1, 1, 1, 1, 1, 1, 1, 1, 1, 1, 1, 1, 1, 1, 1, 1, 1, 1, 1, 1, 1, 1, 1, 1, 1, 1, 1, 1, 1, 1, 1, 1, 1, 1, 1, 1, 1, 1, 1, 6, 1, 1, 1, 1, 1, 1, 1, 1, 1, 1, 1, 1, 1, 1, 1, 1, 1, 1, 1, 1, 1, 1, 1, 1, 1, 1, 1, 1, 1, 1, 1, 1, 1, 1, 1, 1, 1, 1, 1, 1, 1, 1, 1, 1, 1, 1, 1, 1, 1, 1, 1, 1, 1, 1, 1, 1, 1, 1, 1, 1, 1, 1, 1, 1, 1, 1, 1, 1, 1, 1, 1, 1, 1, 1, 1, 1, 1, 1, 1, 1, 1, 1, 1, 1, 1, 1, 1, 1, 1, 1, 1, 1, 1, 1, 1, 1, 1, 1, 1, 1, 1, 1, 1, 1, 1, 1, 1, 1, 1, 1, 1, 1, 1, 1, 1, 1, 1, 1, 1, 1, 1, 1, 1, 1, 1, 1, 1, 1, 1, 1, 1, 1, 1, 1, 1, 1, 1, 1, 1, 1, 1, 1, 1, 1, 1, 1, 1, 1, 1, 1, 1, 1, 1, 1, 1, 1, 1, 1, 1, 1, 1, 1, 1, 1, 1, 1, 1, 1, 1, 1, 1, 1, 1, 1] 

    - [7, 7, 7, 7, 7, 7, 5, 7, 7, 7, 7, 7, 7, 7, 7, 7, 7, 7, 7, 7, 7, 7, 7, 7, 3, 7, 7, 7, 7, 7, 7, 7, 7, 7, 7, 7, 7, 7, 7, 7, 7, 7, 7, 7, 7, 7, 7, 7, 7, 3, 7, 7, 7, 7, 7, 7, 7, 7, 7, 7, 7, 7, 7, 7, 7, 7, 7, 7, 7, 7, 7, 7, 7, 7, 7, 7, 7, 7, 7, 7, 7, 7, 7, 7, 7, 7, 7, 7, 7, 7, 7, 7, 7, 7, 7, 7, 7, 7, 7, 7, 7, 7, 7, 7, 7, 7, 7, 7, 7, 7, 7, 7, 7, 7, 7, 7, 7, 3, 7, 7, 7, 7, 7, 7, 7, 7, 7, 7, 7, 7, 7, 7, 7, 7, 7, 7, 7, 7, 7, 7, 7, 7, 7, 7, 7, 7, 7, 7, 7, 7, 7, 7, 7, 7, 7, 7, 7, 7, 7, 7, 7, 7, 7, 7, 7, 7, 7, 7, 7, 7, 7, 7, 7, 7, 7, 7, 7, 7, 7, 7, 7, 7, 7, 7, 7, 7, 7, 7, 7, 7, 7, 7, 7, 7, 7, 7, 7, 7, 7, 7, 7, 7, 7, 7, 7, 7, 7, 7, 7, 7, 7, 7, 7, 7, 7, 7, 7, 7, 7, 7, 7, 7, 7, 7, 7, 7, 7, 7, 7, 7, 7, 7, 7, 7, 7, 7, 7, 7, 7, 7, 7, 7, 7, 7, 7, 7, 7, 7, 7, 7, 7, 7, 7, 7, 7, 7, 7, 7, 7, 7, 7, 7, 7, 7, 7, 3, 7, 7, 7, 7, 7, 7, 7, 7, 7, 7, 7, 7, 7, 7, 7, 7, 7, 7, 7, 7, 7, 7, 7, 7, 7, 7, 7, 7, 7, 7, 7]

##### Clustering for Input Samples - class 1 #####

- number of classes to cluster (ground truth): 4
- determined k: 3

cluster distribution: [278, 625, 293]
ground truth per cluster:
    - [5, 5, 5, 5, 5, 5, 5, 5, 5, 5, 5, 5, 5, 5, 5, 5, 5, 5, 5, 5, 5, 5, 5, 5, 5, 5, 5, 5, 5, 5, 5, 5, 5, 5, 5, 5, 5, 5, 5, 5, 5, 5, 5, 5, 5, 5, 5, 5, 5, 5, 5, 5, 5, 5, 5, 5, 5, 5, 5, 5, 5, 5, 5, 5, 5, 5, 5, 5, 5, 5, 5, 5, 5, 5, 5, 5, 5, 5, 5, 5, 5, 5, 5, 5, 5, 5, 5, 5, 5, 5, 5, 5, 5, 5, 5, 5, 5, 5, 5, 5, 5, 5, 5, 5, 5, 5, 5, 5, 5, 5, 5, 5, 5, 5, 5, 5, 5, 5, 5, 5, 5, 5, 5, 5, 5, 5, 5, 5, 5, 5, 5, 5, 5, 5, 5, 5, 5, 5, 5, 5, 5, 5, 5, 5, 5, 5, 5, 5, 5, 5, 5, 5, 5, 5, 5, 5, 5, 5, 5, 5, 5, 5, 5, 5, 5, 5, 5, 5, 5, 5, 5, 5, 5, 5, 5, 5, 5, 5, 5, 5, 5, 5, 5, 5, 5, 5, 5, 5, 5, 5, 5, 5, 5, 5, 5, 5, 5, 5, 5, 5, 5, 5, 5, 5, 5, 5, 5, 5, 5, 5, 5, 5, 5, 5, 5, 5, 5, 5, 5, 5, 5, 5, 5, 5, 5, 5, 5, 5, 5, 5, 5, 5, 5, 5, 5, 5, 5, 5, 5, 5, 5, 5, 5, 5, 5, 5, 5, 5, 5, 5, 5, 5, 5, 5, 5, 5, 5, 5, 5, 5, 5, 5, 5, 5, 5, 5, 5, 5, 5, 5, 5, 5, 5, 5, 5, 5, 5, 5] 

    - [7, 3, 7, 7, 7, 7, 3, 3, 7, 3, 3, 7, 7, 7, 7, 0, 3, 7, 3, 3, 3, 3, 3, 3, 0, 7, 7, 3, 3, 7, 7, 7, 0, 3, 3, 3, 7, 7, 3, 7, 3, 3, 3, 3, 7, 3, 0, 3, 3, 7, 3, 7, 3, 3, 0, 7, 3, 3, 0, 3, 7, 7, 3, 7, 3, 7, 7, 0, 3, 7, 0, 3, 7, 7, 3, 7, 7, 3, 3, 7, 3, 3, 0, 3, 3, 3, 0, 3, 7, 7, 7, 7, 7, 7, 7, 3, 7, 3, 3, 3, 3, 3, 3, 7, 3, 3, 7, 7, 7, 7, 3, 3, 3, 7, 7, 3, 7, 7, 3, 3, 3, 7, 3, 3, 3, 3, 3, 7, 0, 0, 3, 7, 0, 3, 0, 7, 7, 3, 0, 3, 7, 7, 3, 3, 7, 7, 7, 3, 0, 7, 3, 7, 7, 0, 7, 7, 3, 7, 7, 7, 3, 3, 0, 7, 3, 7, 7, 7, 7, 3, 0, 7, 7, 3, 3, 3, 7, 3, 7, 7, 0, 7, 3, 7, 3, 3, 7, 3, 7, 3, 3, 7, 7, 3, 3, 7, 3, 7, 7, 7, 3, 3, 7, 7, 3, 7, 3, 0, 3, 7, 3, 7, 7, 3, 3, 7, 3, 3, 3, 7, 7, 7, 7, 7, 3, 7, 3, 3, 7, 3, 7, 3, 3, 3, 0, 7, 3, 3, 0, 3, 0, 0, 3, 7, 0, 7, 7, 7, 3, 7, 7, 7, 7, 3, 7, 3, 0, 3, 3, 3, 7, 3, 7, 3, 7, 3, 3, 3, 7, 0, 0, 3, 7, 3, 7, 7, 7, 7, 3, 0, 3, 7, 7, 3, 7, 7, 7, 7, 7, 7, 3, 3, 7, 7, 7, 7, 0, 7, 7, 7, 7, 7, 7, 3, 3, 7, 7, 7, 3, 0, 3, 7, 7, 7, 0, 3, 7, 7, 3, 7, 7, 7, 0, 7, 3, 3, 7, 3, 3, 7, 7, 7, 0, 3, 7, 0, 7, 7, 3, 3, 7, 7, 7, 3, 7, 7, 3, 7, 7, 3, 3, 7, 3, 3, 7, 3, 3, 3, 7, 0, 3, 7, 3, 3, 3, 3, 3, 0, 7, 7, 3, 7, 0, 7, 7, 3, 7, 3, 7, 3, 3, 7, 3, 3, 7, 7, 3, 7, 7, 3, 3, 7, 3, 3, 0, 3, 7, 3, 7, 7, 3, 3, 7, 0, 3, 0, 7, 7, 0, 7, 7, 7, 7, 0, 3, 7, 3, 3, 3, 0, 3, 3, 7, 3, 7, 7, 3, 3, 0, 7, 0, 3, 0, 3, 0, 3, 7, 3, 3, 7, 3, 3, 3, 7, 7, 3, 3, 7, 3, 3, 3, 0, 7, 3, 3, 3, 7, 7, 3, 7, 7, 7, 3, 3, 3, 3, 3, 3, 0, 7, 7, 7, 3, 7, 0, 3, 0, 3, 7, 7, 7, 7, 7, 7, 3, 7, 7, 7, 7, 7, 3, 0, 7, 7, 0, 3, 7, 3, 3, 7, 3, 3, 7, 3, 7, 7, 0, 7, 3, 3, 3, 0, 7, 7, 3, 3, 7, 3, 7, 7, 3, 7, 3, 3, 7, 7, 3, 3, 3, 3, 0, 7, 0, 7, 3, 3, 3, 3, 7, 7, 7, 3, 7, 7, 7, 7, 7, 7, 7, 7, 3, 3, 7, 3, 7, 3, 7, 7, 0, 3, 3, 7, 3, 3, 3, 3, 3, 3, 3, 7, 7, 3, 7, 7, 7, 7, 7, 3, 3, 0, 3, 7, 3, 7, 3, 3, 7, 0, 3, 3, 7, 7, 7, 3, 3, 7, 7, 3, 7, 7, 3, 7, 7, 7, 3, 7, 0, 3, 3, 7, 7, 3, 7, 7, 7, 3, 7, 7, 7, 7, 7, 3, 3, 7, 7] 

    - [1, 1, 1, 1, 1, 1, 1, 1, 1, 1, 1, 1, 1, 1, 1, 1, 1, 1, 1, 1, 1, 1, 1, 1, 1, 1, 1, 1, 1, 1, 1, 1, 1, 1, 1, 1, 1, 1, 1, 1, 1, 1, 1, 1, 1, 1, 1, 1, 1, 1, 1, 1, 1, 1, 1, 1, 1, 1, 1, 1, 1, 1, 1, 1, 1, 1, 1, 1, 1, 1, 1, 1, 1, 1, 1, 1, 1, 1, 1, 1, 1, 1, 1, 1, 1, 1, 1, 1, 1, 1, 1, 1, 1, 1, 1, 1, 1, 1, 1, 1, 1, 1, 1, 1, 1, 1, 1, 1, 1, 1, 1, 1, 1, 1, 1, 1, 1, 6, 1, 1, 1, 1, 1, 1, 1, 1, 1, 1, 1, 1, 1, 1, 1, 1, 1, 1, 1, 1, 1, 1, 1, 1, 1, 1, 1, 1, 1, 1, 1, 1, 1, 1, 1, 1, 1, 1, 1, 1, 1, 1, 1, 1, 1, 1, 1, 1, 1, 1, 1, 1, 1, 1, 1, 1, 1, 1, 1, 1, 1, 1, 1, 1, 1, 1, 1, 1, 1, 1, 1, 1, 1, 1, 1, 1, 1, 1, 1, 1, 1, 1, 1, 1, 1, 1, 1, 1, 1, 1, 1, 1, 1, 1, 1, 1, 1, 1, 1, 1, 1, 1, 1, 1, 1, 1, 1, 1, 1, 1, 1, 1, 1, 1, 1, 1, 1, 1, 1, 1, 1, 1, 1, 1, 1, 1, 1, 1, 1, 1, 1, 1, 1, 1, 1, 1, 1, 1, 1, 1, 1, 1, 1, 1, 1, 1, 1, 1, 1, 1, 1, 1, 1, 1, 1, 1, 1, 1, 1, 1, 1, 1, 1, 1, 1, 1, 1, 1, 1, 1, 1, 1, 1, 1, 1]

##### Multivariate Clustering (Input Samples + Saliency Maps) - class 1 #####

- number of classes to cluster (ground truth): 4
- determined k: 4

cluster distribution: [300, 293, 278, 325]
ground truth per cluster:
    - [7, 7, 7, 7, 7, 7, 7, 7, 7, 7, 7, 7, 7, 7, 7, 7, 7, 7, 7, 7, 3, 7, 7, 7, 3, 7, 7, 7, 7, 7, 7, 7, 7, 7, 7, 7, 7, 7, 7, 7, 7, 7, 7, 7, 7, 7, 7, 7, 7, 3, 7, 7, 7, 7, 7, 7, 7, 7, 7, 7, 7, 7, 7, 7, 7, 7, 7, 7, 7, 7, 7, 7, 7, 7, 7, 7, 7, 7, 7, 7, 7, 7, 7, 7, 7, 7, 7, 7, 7, 7, 7, 7, 7, 7, 7, 7, 7, 7, 7, 3, 7, 7, 7, 7, 7, 7, 7, 7, 7, 7, 7, 7, 7, 7, 7, 7, 7, 7, 3, 7, 7, 7, 7, 7, 7, 7, 7, 7, 7, 7, 7, 7, 7, 7, 7, 7, 3, 7, 7, 7, 7, 7, 7, 7, 7, 7, 7, 7, 7, 7, 7, 7, 7, 7, 7, 7, 7, 7, 7, 7, 7, 7, 7, 7, 7, 7, 7, 7, 7, 7, 7, 7, 7, 7, 7, 7, 7, 7, 7, 7, 7, 7, 7, 7, 7, 7, 7, 7, 7, 7, 7, 7, 7, 7, 7, 7, 7, 7, 7, 7, 7, 7, 7, 7, 7, 7, 7, 7, 7, 7, 7, 7, 7, 7, 7, 7, 7, 7, 7, 7, 7, 7, 7, 7, 7, 7, 7, 7, 7, 7, 7, 7, 7, 7, 7, 7, 7, 7, 7, 7, 7, 7, 7, 7, 7, 3, 7, 7, 7, 7, 7, 7, 7, 7, 7, 7, 7, 7, 7, 7, 7, 7, 7, 7, 7, 7, 7, 7, 3, 7, 7, 7, 7, 7, 7, 7, 7, 7, 7, 7, 7, 7, 7, 7, 7, 7, 7, 7, 7, 7, 7, 7, 7, 7, 7, 7, 7, 7, 7, 7] 

    - [1, 1, 1, 1, 1, 1, 1, 1, 1, 1, 1, 1, 1, 1, 1, 1, 1, 1, 1, 1, 1, 1, 1, 1, 1, 1, 1, 1, 1, 1, 1, 1, 1, 1, 1, 1, 1, 1, 1, 1, 1, 1, 1, 1, 1, 1, 1, 1, 1, 1, 1, 1, 1, 1, 1, 1, 1, 1, 1, 1, 1, 1, 1, 1, 1, 1, 1, 1, 1, 1, 1, 1, 1, 1, 1, 1, 1, 1, 1, 1, 1, 1, 1, 1, 1, 1, 1, 1, 1, 1, 1, 1, 1, 1, 1, 1, 1, 1, 1, 1, 1, 1, 1, 1, 1, 1, 1, 1, 1, 1, 1, 1, 1, 1, 1, 1, 1, 6, 1, 1, 1, 1, 1, 1, 1, 1, 1, 1, 1, 1, 1, 1, 1, 1, 1, 1, 1, 1, 1, 1, 1, 1, 1, 1, 1, 1, 1, 1, 1, 1, 1, 1, 1, 1, 1, 1, 1, 1, 1, 1, 1, 1, 1, 1, 1, 1, 1, 1, 1, 1, 1, 1, 1, 1, 1, 1, 1, 1, 1, 1, 1, 1, 1, 1, 1, 1, 1, 1, 1, 1, 1, 1, 1, 1, 1, 1, 1, 1, 1, 1, 1, 1, 1, 1, 1, 1, 1, 1, 1, 1, 1, 1, 1, 1, 1, 1, 1, 1, 1, 1, 1, 1, 1, 1, 1, 1, 1, 1, 1, 1, 1, 1, 1, 1, 1, 1, 1, 1, 1, 1, 1, 1, 1, 1, 1, 1, 1, 1, 1, 1, 1, 1, 1, 1, 1, 1, 1, 1, 1, 1, 1, 1, 1, 1, 1, 1, 1, 1, 1, 1, 1, 1, 1, 1, 1, 1, 1, 1, 1, 1, 1, 1, 1, 1, 1, 1, 1, 1, 1, 1, 1, 1, 1] 

    - [5, 5, 5, 5, 5, 5, 5, 5, 5, 5, 5, 5, 5, 5, 5, 5, 5, 5, 5, 5, 5, 5, 5, 5, 5, 5, 5, 5, 5, 5, 5, 5, 5, 5, 5, 5, 5, 5, 5, 5, 5, 5, 5, 5, 5, 5, 5, 5, 5, 5, 5, 5, 5, 5, 5, 5, 5, 5, 5, 5, 5, 5, 5, 5, 5, 5, 5, 5, 5, 5, 5, 5, 5, 5, 5, 5, 5, 5, 5, 5, 5, 5, 5, 5, 5, 5, 5, 5, 5, 5, 5, 5, 5, 5, 5, 5, 5, 5, 5, 5, 5, 5, 5, 5, 5, 5, 5, 5, 5, 5, 5, 5, 5, 5, 5, 5, 5, 5, 5, 5, 5, 5, 5, 5, 5, 5, 5, 5, 5, 5, 5, 5, 5, 5, 5, 5, 5, 5, 5, 5, 5, 5, 5, 5, 5, 5, 5, 5, 5, 5, 5, 5, 5, 5, 5, 5, 5, 5, 5, 5, 5, 5, 5, 5, 5, 5, 5, 5, 5, 5, 5, 5, 5, 5, 5, 5, 5, 5, 5, 5, 5, 5, 5, 5, 5, 5, 5, 5, 5, 5, 5, 5, 5, 5, 5, 5, 5, 5, 5, 5, 5, 5, 5, 5, 5, 5, 5, 5, 5, 5, 5, 5, 5, 5, 5, 5, 5, 5, 5, 5, 5, 5, 5, 5, 5, 5, 5, 5, 5, 5, 5, 5, 5, 5, 5, 5, 5, 5, 5, 5, 5, 5, 5, 5, 5, 5, 5, 5, 5, 5, 5, 5, 5, 5, 5, 5, 5, 5, 5, 5, 5, 5, 5, 5, 5, 5, 5, 5, 5, 5, 5, 5, 5, 5, 5, 5, 5, 5] 

    - [3, 3, 3, 3, 3, 0, 3, 3, 3, 3, 3, 3, 3, 0, 3, 3, 0, 3, 3, 3, 3, 3, 3, 3, 3, 0, 3, 3, 3, 3, 3, 0, 3, 3, 0, 3, 3, 0, 3, 0, 3, 3, 3, 3, 3, 3, 0, 3, 3, 3, 0, 3, 3, 3, 3, 3, 3, 3, 3, 3, 3, 3, 3, 3, 3, 3, 3, 3, 3, 3, 3, 3, 0, 0, 3, 0, 3, 0, 3, 0, 3, 3, 3, 3, 0, 3, 0, 3, 3, 3, 0, 3, 3, 0, 3, 3, 3, 3, 0, 3, 3, 3, 3, 3, 3, 3, 3, 3, 3, 3, 3, 3, 0, 3, 3, 3, 3, 3, 3, 3, 3, 3, 3, 3, 3, 3, 0, 3, 3, 0, 3, 0, 0, 3, 0, 3, 3, 0, 3, 3, 3, 3, 3, 3, 3, 3, 0, 0, 3, 3, 3, 0, 3, 3, 3, 0, 3, 3, 3, 0, 3, 0, 3, 3, 0, 3, 3, 3, 3, 0, 3, 0, 3, 3, 3, 3, 3, 3, 3, 3, 3, 3, 3, 0, 3, 3, 3, 3, 3, 3, 0, 3, 0, 3, 3, 3, 3, 3, 3, 3, 3, 3, 3, 3, 0, 3, 3, 3, 3, 0, 3, 0, 0, 0, 3, 3, 3, 3, 0, 3, 3, 3, 3, 3, 0, 0, 3, 0, 3, 0, 3, 3, 3, 3, 3, 3, 3, 3, 3, 3, 3, 0, 3, 3, 3, 3, 3, 3, 3, 3, 3, 3, 0, 3, 0, 3, 0, 3, 3, 3, 0, 0, 3, 3, 3, 3, 3, 3, 0, 3, 3, 3, 0, 3, 3, 3, 3, 3, 3, 3, 3, 3, 0, 0, 3, 3, 3, 3, 3, 3, 3, 3, 3, 0, 3, 3, 3, 3, 3, 3, 3, 3, 3, 3, 3, 0, 3, 3, 3, 3, 0, 3, 3, 3, 3, 3, 3, 3, 0, 3, 3, 3, 3, 3, 3] 


### Eval the 3 Cases - Comparison

for saliency maps:  ARI: 0.901, NMI: 0.909, V-measure: 0.909, Purity: 0.934
for input samples:  ARI: 0.634, NMI: 0.803, V-measure: 0.803, Purity: 0.721
for multivariate:   ARI: 0.918, NMI: 0.931, V-measure: 0.931, Purity: 0.940

######################################################################################################################################
######################################################################################################################################
######################################################################################################################################
######################################################################################################################################

##### Multivariate Clustering (Input Samples + Saliency Maps) - class 0 #####

- number of classes to cluster (ground truth): 4
- determined k: 3

cluster distribution: [610, 249, 290]
ground truth per cluster:
    - [4, 4, 5, 2, 4, 4, 4, 4, 4, 4, 2, 4, 2, 2, 2, 2, 2, 4, 2, 2, 2, 4, 4, 2, 2, 4, 2, 4, 4, 4, 4, 4, 2, 2, 2, 4, 2, 4, 3, 4, 4, 4, 2, 4, 2, 4, 2, 4, 4, 4, 2, 4, 2, 4, 4, 2, 4, 2, 4, 2, 2, 2, 4, 4, 2, 4, 4, 4, 4, 2, 2, 2, 2, 4, 2, 4, 4, 2, 2, 2, 4, 2, 2, 2, 2, 2, 4, 2, 4, 2, 2, 4, 4, 2, 4, 2, 2, 2, 4, 2, 4, 2, 2, 4, 4, 4, 2, 2, 2, 4, 4, 2, 4, 4, 2, 2, 4, 4, 2, 4, 4, 2, 5, 4, 2, 2, 4, 2, 4, 2, 4, 2, 2, 2, 2, 4, 4, 4, 4, 4, 2, 2, 2, 7, 2, 4, 2, 4, 5, 4, 2, 2, 2, 4, 4, 4, 4, 4, 4, 4, 4, 4, 4, 2, 4, 4, 2, 2, 2, 2, 4, 5, 4, 2, 4, 2, 2, 4, 4, 4, 4, 4, 2, 4, 4, 2, 4, 2, 4, 4, 4, 4, 5, 4, 2, 5, 4, 4, 2, 2, 2, 4, 4, 2, 4, 2, 4, 4, 2, 4, 2, 2, 4, 2, 2, 2, 4, 2, 2, 2, 2, 4, 2, 4, 4, 2, 2, 4, 2, 4, 2, 4, 2, 5, 4, 2, 2, 4, 2, 2, 4, 2, 2, 4, 2, 4, 4, 4, 4, 2, 2, 2, 4, 4, 4, 4, 2, 4, 4, 2, 5, 4, 2, 2, 2, 4, 4, 2, 4, 4, 2, 4, 4, 4, 2, 4, 2, 2, 4, 4, 2, 4, 2, 2, 2, 2, 2, 4, 2, 4, 2, 4, 2, 4, 2, 2, 4, 4, 4, 4, 2, 2, 2, 4, 2, 4, 4, 2, 2, 4, 2, 2, 4, 2, 4, 2, 2, 4, 2, 2, 2, 4, 2, 4, 4, 5, 2, 4, 4, 2, 2, 2, 4, 4, 4, 4, 2, 4, 4, 4, 2, 4, 4, 4, 4, 2, 2, 2, 4, 4, 2, 2, 2, 2, 4, 2, 2, 2, 2, 2, 4, 2, 2, 2, 2, 2, 4, 2, 4, 2, 4, 2, 2, 2, 2, 4, 2, 4, 4, 2, 4, 2, 2, 4, 2, 5, 4, 2, 4, 2, 4, 2, 2, 4, 4, 4, 4, 4, 2, 2, 4, 4, 2, 4, 4, 2, 2, 4, 4, 2, 4, 4, 2, 4, 2, 4, 4, 4, 4, 2, 2, 4, 2, 2, 4, 2, 4, 2, 2, 2, 2, 4, 4, 4, 2, 4, 4, 4, 2, 4, 4, 4, 4, 2, 4, 2, 2, 4, 2, 2, 4, 4, 4, 2, 2, 4, 5, 2, 2, 4, 4, 4, 4, 2, 2, 4, 2, 4, 2, 2, 2, 2, 2, 4, 2, 5, 2, 4, 2, 2, 4, 2, 2, 4, 2, 4, 2, 2, 2, 2, 4, 2, 2, 2, 2, 2, 4, 2, 2, 2, 2, 4, 2, 4, 2, 2, 4, 4, 2, 2, 2, 4, 2, 4, 2, 4, 4, 4, 2, 4, 2, 4, 4, 4, 2, 2, 5, 4, 2, 2, 2, 2, 2, 2, 2, 4, 2, 5, 2, 2, 2, 2, 4, 4, 2, 4, 4, 4, 4, 4, 2, 4, 4, 2, 2, 4, 4, 2, 4, 2, 2, 4, 2, 2, 2, 4, 5, 4, 4, 2, 2, 2, 4, 4, 2, 4, 4, 4, 4, 4, 4, 2, 4, 4, 4, 4, 4, 4, 4, 4, 4, 4, 2, 5, 4, 4, 2, 2, 4, 4, 2, 4, 4, 2, 4, 4, 2, 2, 4, 4] 

    - [0, 0, 3, 0, 0, 3, 0, 0, 3, 0, 0, 0, 0, 0, 0, 0, 0, 0, 0, 0, 0, 0, 0, 0, 0, 0, 0, 0, 0, 0, 0, 3, 0, 0, 0, 0, 0, 0, 0, 0, 0, 0, 0, 0, 0, 0, 0, 0, 0, 0, 0, 0, 0, 0, 0, 0, 0, 0, 3, 0, 3, 0, 3, 0, 3, 0, 0, 0, 0, 0, 0, 0, 0, 0, 0, 0, 0, 0, 0, 3, 0, 0, 0, 0, 0, 0, 0, 0, 3, 0, 0, 0, 0, 0, 0, 0, 0, 0, 3, 0, 0, 0, 0, 0, 0, 0, 0, 0, 0, 0, 0, 0, 0, 0, 0, 0, 0, 0, 0, 0, 0, 0, 0, 0, 0, 0, 0, 0, 0, 0, 0, 0, 3, 0, 0, 0, 0, 0, 0, 0, 0, 0, 0, 0, 0, 3, 0, 0, 0, 0, 0, 0, 0, 0, 0, 0, 0, 0, 0, 0, 0, 0, 0, 0, 0, 0, 0, 0, 0, 0, 0, 0, 0, 0, 0, 0, 0, 0, 0, 0, 0, 0, 0, 0, 0, 0, 0, 0, 0, 0, 0, 0, 0, 0, 0, 0, 0, 0, 3, 0, 0, 0, 3, 0, 3, 0, 3, 0, 0, 0, 0, 0, 0, 0, 0, 0, 0, 0, 0, 0, 0, 0, 0, 0, 0, 0, 0, 0, 0, 0, 0, 0, 0, 0, 0, 0, 0, 0, 0, 0, 0, 0, 0, 0, 0, 0, 0, 3, 0] 

    - [6, 6, 6, 6, 6, 6, 6, 6, 6, 6, 6, 6, 6, 6, 6, 6, 6, 6, 6, 6, 6, 6, 6, 6, 6, 6, 6, 6, 6, 6, 6, 6, 6, 6, 6, 6, 6, 6, 6, 6, 6, 6, 6, 6, 6, 6, 6, 6, 6, 6, 6, 6, 6, 6, 6, 6, 6, 6, 6, 6, 6, 6, 6, 6, 6, 6, 6, 6, 6, 6, 6, 6, 6, 6, 6, 6, 6, 6, 6, 6, 6, 6, 6, 6, 6, 6, 6, 6, 6, 6, 6, 6, 6, 6, 6, 6, 6, 6, 6, 6, 6, 6, 6, 6, 6, 6, 6, 6, 6, 6, 6, 6, 6, 6, 6, 6, 6, 6, 6, 6, 6, 6, 6, 6, 6, 6, 6, 6, 6, 6, 6, 6, 6, 6, 6, 6, 6, 6, 6, 6, 6, 6, 6, 6, 6, 6, 6, 6, 6, 6, 6, 6, 6, 6, 6, 6, 6, 6, 6, 6, 6, 6, 6, 6, 6, 6, 6, 6, 6, 6, 6, 6, 6, 6, 6, 6, 6, 6, 6, 6, 6, 6, 6, 6, 6, 6, 6, 6, 6, 6, 6, 6, 6, 6, 6, 6, 6, 6, 6, 6, 6, 6, 6, 6, 6, 6, 6, 6, 6, 6, 6, 6, 6, 6, 6, 6, 6, 6, 6, 6, 6, 6, 6, 6, 6, 6, 6, 6, 6, 6, 6, 6, 6, 6, 6, 6, 6, 6, 6, 6, 6, 6, 6, 6, 6, 6, 6, 6, 6, 6, 6, 6, 6, 6, 6, 6, 6, 6, 6, 6, 6, 6, 6, 6, 6, 6, 6, 6, 6, 6, 6, 6, 6, 6, 6, 6, 6, 6, 6, 6, 6, 6, 6, 6, 6, 6, 6, 6, 6, 6]

##### Clustering for Input Samples - class 0 #####

- number of classes to cluster (ground truth): 4
- determined k: 3

cluster distribution: [608, 290, 251]
ground truth per cluster:
    - [4, 4, 5, 2, 4, 4, 4, 4, 4, 4, 2, 4, 2, 2, 2, 2, 2, 4, 2, 2, 2, 4, 4, 2, 2, 4, 2, 4, 4, 4, 4, 4, 2, 2, 2, 4, 2, 4, 4, 4, 4, 2, 4, 2, 4, 2, 4, 4, 4, 2, 4, 2, 4, 4, 2, 4, 2, 4, 2, 2, 2, 4, 4, 2, 4, 4, 4, 4, 2, 2, 2, 2, 4, 2, 4, 4, 2, 2, 2, 4, 2, 2, 2, 2, 2, 4, 2, 4, 2, 2, 4, 4, 2, 4, 2, 2, 2, 4, 2, 4, 2, 2, 4, 4, 4, 2, 2, 2, 4, 4, 2, 4, 4, 2, 2, 4, 4, 2, 4, 4, 2, 5, 4, 2, 2, 4, 2, 4, 2, 4, 2, 2, 2, 2, 4, 4, 4, 4, 4, 2, 2, 2, 2, 4, 2, 4, 5, 4, 2, 2, 2, 4, 4, 4, 4, 4, 4, 4, 4, 4, 4, 2, 4, 4, 2, 2, 2, 2, 4, 5, 4, 2, 4, 2, 2, 4, 4, 4, 4, 4, 2, 4, 4, 2, 4, 2, 4, 4, 4, 4, 5, 4, 2, 5, 4, 4, 2, 2, 2, 4, 4, 2, 4, 2, 4, 4, 2, 4, 2, 2, 4, 2, 2, 2, 4, 2, 2, 2, 2, 4, 2, 4, 4, 2, 2, 4, 2, 4, 2, 4, 2, 5, 4, 2, 2, 4, 2, 2, 4, 2, 2, 4, 2, 4, 4, 4, 4, 2, 2, 2, 4, 4, 4, 4, 2, 4, 4, 2, 5, 4, 2, 2, 2, 4, 4, 2, 4, 4, 2, 4, 4, 4, 2, 4, 2, 2, 4, 4, 2, 4, 2, 2, 2, 2, 2, 4, 2, 4, 2, 4, 2, 4, 2, 2, 4, 4, 4, 4, 2, 2, 2, 4, 2, 4, 4, 2, 2, 4, 2, 2, 4, 2, 4, 2, 2, 4, 2, 2, 2, 4, 2, 4, 4, 5, 2, 4, 4, 2, 2, 2, 4, 4, 4, 4, 2, 4, 4, 4, 2, 4, 4, 4, 4, 2, 2, 2, 4, 4, 2, 2, 2, 2, 4, 2, 2, 2, 2, 2, 4, 2, 2, 2, 2, 2, 4, 2, 4, 2, 4, 2, 2, 2, 2, 4, 2, 4, 4, 2, 4, 2, 2, 4, 2, 5, 4, 2, 4, 2, 4, 2, 2, 4, 4, 4, 4, 4, 2, 2, 4, 4, 2, 4, 4, 2, 2, 4, 4, 2, 4, 4, 2, 4, 2, 4, 4, 4, 4, 2, 2, 4, 2, 2, 4, 2, 4, 2, 2, 2, 2, 4, 4, 4, 2, 4, 4, 4, 2, 4, 4, 4, 4, 2, 4, 2, 2, 4, 2, 2, 4, 4, 4, 2, 2, 4, 5, 2, 2, 4, 4, 4, 4, 2, 2, 4, 2, 4, 2, 2, 2, 2, 2, 4, 2, 5, 2, 4, 2, 2, 4, 2, 2, 4, 2, 4, 2, 2, 2, 2, 4, 2, 2, 2, 2, 2, 4, 2, 2, 2, 2, 4, 2, 4, 2, 2, 4, 4, 2, 2, 2, 4, 2, 4, 2, 4, 4, 4, 2, 4, 2, 4, 4, 4, 2, 2, 5, 4, 2, 2, 2, 2, 2, 2, 2, 4, 2, 5, 2, 2, 2, 2, 4, 4, 2, 4, 4, 4, 4, 4, 2, 4, 4, 2, 2, 4, 4, 2, 4, 2, 2, 4, 2, 2, 2, 4, 5, 4, 4, 2, 2, 2, 4, 4, 2, 4, 4, 4, 4, 4, 4, 2, 4, 4, 4, 4, 4, 4, 4, 4, 4, 4, 2, 5, 4, 4, 2, 2, 4, 4, 2, 4, 4, 2, 4, 4, 2, 2, 4, 4] 

    - [6, 6, 6, 6, 6, 6, 6, 6, 6, 6, 6, 6, 6, 6, 6, 6, 6, 6, 6, 6, 6, 6, 6, 6, 6, 6, 6, 6, 6, 6, 6, 6, 6, 6, 6, 6, 6, 6, 6, 6, 6, 6, 6, 6, 6, 6, 6, 6, 6, 6, 6, 6, 6, 6, 6, 6, 6, 6, 6, 6, 6, 6, 6, 6, 6, 6, 6, 6, 6, 6, 6, 6, 6, 6, 6, 6, 6, 6, 6, 6, 6, 6, 6, 6, 6, 6, 6, 6, 6, 6, 6, 6, 6, 6, 6, 6, 6, 6, 6, 6, 6, 6, 6, 6, 6, 6, 6, 6, 6, 6, 6, 6, 6, 6, 6, 6, 6, 6, 6, 6, 6, 6, 6, 6, 6, 6, 6, 6, 6, 6, 6, 6, 6, 6, 6, 6, 6, 6, 6, 6, 6, 6, 6, 6, 6, 6, 6, 6, 6, 6, 6, 6, 6, 6, 6, 6, 6, 6, 6, 6, 6, 6, 6, 6, 6, 6, 6, 6, 6, 6, 6, 6, 6, 6, 6, 6, 6, 6, 6, 6, 6, 6, 6, 6, 6, 6, 6, 6, 6, 6, 6, 6, 6, 6, 6, 6, 6, 6, 6, 6, 6, 6, 6, 6, 6, 6, 6, 6, 6, 6, 6, 6, 6, 6, 6, 6, 6, 6, 6, 6, 6, 6, 6, 6, 6, 6, 6, 6, 6, 6, 6, 6, 6, 6, 6, 6, 6, 6, 6, 6, 6, 6, 6, 6, 6, 6, 6, 6, 6, 6, 6, 6, 6, 6, 6, 6, 6, 6, 6, 6, 6, 6, 6, 6, 6, 6, 6, 6, 6, 6, 6, 6, 6, 6, 6, 6, 6, 6, 6, 6, 6, 6, 6, 6, 6, 6, 6, 6, 6, 6] 

    - [0, 0, 3, 0, 0, 3, 0, 0, 3, 0, 0, 3, 0, 0, 0, 0, 0, 0, 0, 0, 0, 0, 0, 0, 0, 0, 0, 0, 0, 0, 0, 0, 3, 0, 0, 0, 0, 0, 0, 0, 0, 0, 0, 0, 0, 0, 0, 0, 0, 0, 0, 0, 0, 0, 0, 0, 0, 0, 0, 3, 0, 3, 0, 3, 0, 3, 0, 0, 0, 0, 0, 0, 7, 0, 0, 0, 0, 0, 0, 0, 0, 3, 0, 0, 0, 0, 0, 0, 0, 0, 3, 0, 0, 0, 0, 0, 0, 0, 0, 0, 3, 0, 0, 0, 0, 0, 0, 0, 0, 0, 0, 0, 0, 0, 0, 0, 0, 0, 0, 0, 0, 0, 0, 0, 0, 0, 0, 0, 0, 0, 0, 0, 0, 0, 3, 0, 0, 0, 0, 0, 0, 0, 0, 0, 0, 0, 0, 3, 0, 0, 0, 0, 0, 0, 0, 0, 0, 0, 0, 0, 0, 0, 0, 0, 0, 0, 0, 0, 0, 0, 0, 0, 0, 0, 0, 0, 0, 0, 0, 0, 0, 0, 0, 0, 0, 0, 0, 0, 0, 0, 0, 0, 0, 0, 0, 0, 0, 0, 0, 0, 3, 0, 0, 0, 3, 0, 3, 0, 3, 0, 0, 0, 0, 0, 0, 0, 0, 0, 0, 0, 0, 0, 0, 0, 0, 0, 0, 0, 0, 0, 0, 0, 0, 0, 0, 0, 0, 0, 0, 0, 0, 0, 0, 0, 0, 0, 0, 0, 0, 3, 0] 

##### Clustering for Saliency Maps - class 0 #####

- number of classes to cluster (ground truth): 4
- determined k: 3

cluster distribution: [290, 536, 323]
ground truth per cluster:
    - [6, 6, 6, 6, 6, 6, 6, 6, 6, 6, 6, 6, 6, 6, 6, 6, 6, 6, 6, 6, 6, 6, 6, 6, 6, 6, 6, 6, 6, 6, 6, 6, 6, 6, 6, 6, 6, 6, 6, 6, 6, 6, 6, 6, 6, 6, 6, 6, 6, 6, 6, 6, 6, 6, 6, 6, 6, 6, 6, 6, 6, 6, 6, 6, 6, 6, 6, 6, 6, 6, 6, 6, 6, 6, 6, 6, 6, 6, 6, 6, 6, 6, 6, 6, 6, 6, 6, 6, 6, 6, 6, 6, 5, 6, 6, 6, 6, 6, 6, 6, 6, 6, 6, 6, 6, 6, 6, 6, 6, 6, 6, 6, 6, 6, 6, 6, 6, 6, 6, 6, 6, 6, 6, 6, 6, 6, 6, 6, 6, 6, 6, 6, 6, 6, 6, 6, 6, 6, 6, 6, 6, 6, 6, 6, 6, 6, 6, 6, 6, 6, 6, 6, 6, 6, 6, 6, 6, 6, 6, 6, 6, 6, 6, 6, 6, 6, 6, 6, 6, 6, 6, 6, 6, 6, 6, 6, 6, 6, 6, 6, 6, 6, 6, 6, 6, 6, 6, 6, 6, 6, 6, 6, 6, 6, 6, 6, 6, 6, 6, 6, 6, 6, 6, 6, 6, 6, 6, 6, 6, 6, 6, 6, 6, 6, 6, 6, 6, 6, 6, 6, 6, 6, 6, 6, 6, 6, 6, 6, 6, 6, 6, 6, 6, 6, 6, 6, 6, 6, 6, 6, 6, 6, 6, 6, 6, 6, 6, 6, 6, 6, 6, 6, 6, 6, 6, 6, 6, 6, 6, 6, 6, 6, 6, 6, 6, 6, 6, 6, 6, 6, 6, 6, 6, 6, 6, 6, 6, 6, 6, 6, 6, 6, 6, 6, 6, 6, 6, 6, 6, 6] 

    - [4, 4, 5, 2, 4, 4, 4, 4, 2, 4, 2, 2, 2, 2, 2, 2, 2, 2, 4, 4, 2, 2, 2, 4, 4, 4, 2, 2, 2, 4, 2, 4, 4, 4, 4, 2, 4, 2, 4, 2, 4, 4, 4, 2, 4, 2, 4, 2, 4, 2, 4, 2, 2, 2, 4, 4, 2, 4, 4, 4, 4, 2, 2, 2, 2, 2, 4, 2, 2, 2, 4, 2, 2, 2, 2, 2, 4, 2, 4, 2, 2, 4, 2, 2, 2, 2, 2, 4, 2, 2, 4, 4, 4, 2, 2, 2, 4, 4, 2, 2, 4, 4, 2, 4, 2, 5, 4, 2, 2, 2, 4, 2, 4, 2, 2, 2, 2, 4, 4, 4, 4, 2, 2, 2, 2, 4, 2, 5, 4, 2, 2, 2, 4, 4, 4, 4, 4, 4, 4, 4, 4, 2, 4, 4, 2, 2, 2, 2, 4, 5, 2, 2, 2, 4, 4, 4, 4, 2, 4, 4, 2, 4, 2, 4, 4, 4, 5, 4, 2, 4, 4, 2, 2, 2, 4, 4, 2, 4, 2, 6, 4, 2, 2, 4, 2, 2, 2, 4, 2, 2, 2, 2, 4, 2, 4, 4, 2, 2, 2, 2, 2, 5, 4, 2, 2, 4, 2, 2, 4, 2, 2, 4, 2, 4, 4, 4, 2, 2, 2, 4, 4, 2, 4, 2, 2, 2, 2, 4, 2, 2, 4, 4, 4, 2, 4, 2, 2, 4, 4, 2, 4, 2, 2, 2, 2, 2, 4, 2, 4, 2, 4, 2, 2, 4, 4, 4, 2, 2, 2, 2, 4, 2, 2, 4, 2, 2, 4, 2, 4, 2, 2, 4, 2, 2, 2, 4, 2, 4, 4, 5, 2, 4, 2, 2, 2, 4, 4, 4, 2, 4, 4, 4, 2, 4, 4, 4, 4, 2, 2, 2, 4, 4, 2, 2, 2, 2, 4, 2, 2, 2, 2, 2, 4, 2, 2, 2, 2, 2, 4, 0, 2, 2, 4, 2, 2, 2, 2, 2, 4, 4, 2, 4, 2, 2, 4, 2, 4, 2, 4, 2, 2, 2, 4, 4, 4, 4, 4, 2, 2, 4, 4, 2, 4, 4, 2, 2, 2, 4, 4, 2, 4, 2, 4, 4, 2, 2, 4, 2, 2, 2, 4, 2, 2, 2, 2, 4, 4, 4, 2, 4, 4, 4, 2, 4, 4, 4, 4, 2, 2, 2, 4, 2, 2, 4, 4, 4, 2, 2, 4, 5, 2, 2, 0, 4, 4, 4, 2, 2, 4, 2, 2, 2, 2, 2, 4, 2, 5, 2, 4, 2, 2, 4, 2, 2, 4, 2, 4, 2, 2, 2, 2, 2, 2, 2, 2, 2, 2, 2, 2, 2, 4, 2, 2, 2, 0, 4, 2, 2, 2, 4, 2, 2, 4, 4, 4, 2, 4, 2, 4, 4, 2, 2, 5, 4, 2, 2, 2, 2, 2, 2, 2, 4, 2, 5, 2, 2, 2, 2, 4, 2, 4, 4, 4, 2, 4, 4, 2, 2, 4, 4, 2, 4, 2, 2, 4, 2, 2, 2, 4, 4, 4, 2, 2, 2, 4, 4, 2, 4, 4, 4, 4, 2, 4, 4, 4, 4, 4, 4, 4, 4, 2, 4, 4, 2, 2, 4, 4, 2, 4, 4, 2, 4, 4, 2, 2, 4] 

    - [0, 4, 4, 0, 4, 3, 0, 0, 3, 0, 0, 4, 4, 3, 4, 0, 0, 3, 0, 0, 0, 0, 0, 0, 0, 0, 0, 0, 4, 0, 0, 0, 0, 0, 0, 0, 0, 0, 0, 3, 0, 0, 0, 0, 0, 4, 4, 0, 0, 0, 0, 0, 0, 0, 0, 0, 0, 0, 0, 0, 4, 0, 4, 4, 0, 0, 0, 0, 0, 4, 0, 0, 2, 4, 3, 0, 4, 4, 3, 0, 3, 0, 3, 0, 0, 0, 0, 0, 4, 0, 7, 0, 4, 0, 0, 0, 4, 0, 0, 0, 0, 4, 4, 3, 4, 0, 0, 0, 0, 0, 4, 0, 0, 0, 3, 0, 0, 0, 0, 0, 0, 0, 0, 4, 4, 2, 0, 3, 0, 0, 0, 0, 0, 0, 0, 0, 0, 0, 0, 4, 4, 4, 0, 0, 0, 0, 0, 0, 4, 0, 0, 0, 4, 0, 4, 0, 4, 5, 0, 4, 0, 0, 0, 4, 0, 0, 4, 4, 0, 0, 0, 0, 0, 3, 0, 0, 0, 0, 0, 2, 0, 0, 0, 4, 0, 0, 0, 4, 4, 0, 4, 3, 0, 0, 0, 0, 0, 4, 4, 0, 0, 0, 0, 0, 0, 0, 0, 0, 0, 0, 0, 0, 0, 0, 4, 0, 4, 0, 5, 0, 4, 0, 0, 0, 4, 4, 0, 0, 0, 0, 0, 4, 4, 0, 0, 4, 0, 0, 0, 0, 0, 0, 0, 0, 0, 0, 0, 0, 4, 0, 0, 0, 0, 0, 4, 3, 0, 4, 2, 0, 0, 4, 3, 0, 4, 3, 0, 3, 4, 0, 0, 4, 0, 4, 0, 0, 0, 0, 4, 0, 0, 0, 0, 0, 0, 0, 0, 0, 0, 0, 0, 4, 0, 0, 0, 0, 4, 4, 0, 0, 0, 5, 0, 0, 0, 0, 0, 0, 4, 4, 0, 4, 0, 0, 0, 4, 5, 0, 0, 0, 3, 0, 4] 

