for saliency maps:	ARI: 0.106, NMI: 0.107, V-measure: 0.107, Purity: 0.421
for input samples:	ARI: 0.426, NMI: 0.476, V-measure: 0.476, Purity: 0.712
for multivariate:	ARI: 0.615, NMI: 0.580, V-measure: 0.580, Purity: 0.823

k = 4, GT = 4

intra: [115.46, 102.17, 113.83, 87.74]

inter: [[0, 111.89, 125.83, 103.19], [111.89, 0, 108.55, 88.43], [125.83, 108.55, 0, 145.77], [103.19, 88.43, 145.77, 0]]

sil_score: 0.18

entropy: 1.38 max possible: 2.0

total_variance: [1.0, 1.0, 1.0, 1.0]

cluster_variance_across_samples: [0.78, 0.72, 0.6, 0.63]

cluster_variance_across_time_steps: [1.0, 1.0, 1.0, 1.0]

cov_mat: [0.59, 0.44, 0.44, 0.47]

sizes: [359, 446, 434, 532]

filtered clusters:
0 (dominant 2 ): [2, 2, 2, 2, 6, 2, 2, 2, 2, 2, 2, 2, 2, 2, 2, 2, 2, 2, 2, 2, 6, 2, 2, 2, 2, 2, 2, 2, 2, 2, 2, 2, 2, 2, 2, 5, 2, 2, 2, 2, 2, 2, 6, 6, 6, 2, 2, 2, 2, 2, 2, 2, 6, 2, 2, 2, 2, 2, 2, 2, 2, 2, 2, 2, 2, 6, 2, 2, 2, 2, 2, 4, 2, 2, 2, 2, 2, 2, 2, 2, 2, 2, 2, 2, 2, 6, 2, 2, 6, 2, 2, 0, 2, 2, 2, 2, 2, 2, 2, 2, 2, 2, 6, 2, 0, 2, 2, 2, 2, 2, 2, 2, 2, 2, 2, 0, 2, 6, 2, 2, 2, 2, 2, 2, 2, 2, 2, 2, 2, 2, 2, 2, 2, 2, 2, 2, 2, 2, 2, 2, 2, 2, 2, 5, 2, 2, 2, 2, 2, 4, 2, 2, 2, 2, 2, 2, 2, 2, 6, 2, 2, 2, 2, 6, 2, 2, 2, 2, 2, 2, 2, 2, 2, 2, 2, 4, 2, 2, 2, 2, 2, 2, 2, 2, 2, 4, 2, 2, 6, 2, 5, 6, 2, 2, 6, 2, 2, 2, 2, 2, 2, 2, 2, 2, 2, 2, 2, 2, 6, 2, 2, 4, 2, 2, 4, 2, 2, 2, 2, 2, 2, 2, 2, 2, 2, 6, 2, 4, 2, 2, 2, 2, 2, 2, 2, 2, 4, 2, 2, 2, 5, 2, 2, 2, 2, 2, 2, 2, 2, 2, 2, 2, 2, 2, 2, 2, 2, 2, 2, 2, 2, 2, 2, 2, 2, 2, 4, 2, 2, 2, 2, 6, 6, 2, 2, 2, 2, 2, 2, 2, 4, 2, 2, 2, 2, 6, 2, 2, 6, 2, 2, 4, 2, 2, 2, 2, 2, 2, 2, 2, 2, 2, 2, 2, 2, 2, 2, 2, 2, 2, 2, 2, 4, 6, 2, 2, 2, 2, 2, 2, 2, 2, 2, 2, 2, 2, 2, 2, 2, 0, 2, 2, 2, 4, 4, 4, 5, 6, 2, 6, 2, 2, 2, 2, 2, 2, 2, 4, 5, 6, 2, 2, 6, 2, 2, 2, 2, 4, 6] 

1 (dominant 6 ): [3, 0, 6, 6, 6, 6, 6, 5, 6, 6, 0, 6, 6, 6, 6, 6, 6, 6, 6, 6, 6, 6, 6, 2, 6, 6, 6, 6, 2, 6, 6, 6, 6, 6, 2, 2, 6, 6, 6, 6, 6, 6, 6, 6, 6, 6, 2, 6, 6, 2, 6, 6, 6, 6, 6, 6, 6, 6, 0, 6, 6, 6, 2, 6, 6, 6, 6, 6, 6, 6, 6, 6, 6, 2, 6, 6, 6, 4, 6, 6, 6, 6, 6, 6, 6, 6, 6, 6, 6, 6, 6, 6, 6, 6, 6, 6, 6, 2, 6, 6, 6, 6, 6, 6, 6, 6, 6, 6, 2, 6, 6, 2, 6, 6, 6, 6, 6, 6, 6, 1, 6, 6, 6, 6, 2, 6, 6, 6, 0, 6, 6, 6, 2, 0, 6, 6, 0, 2, 0, 6, 6, 6, 6, 6, 6, 6, 6, 6, 2, 6, 6, 6, 6, 6, 6, 6, 6, 6, 6, 2, 6, 6, 6, 6, 6, 6, 6, 6, 6, 6, 6, 6, 6, 4, 6, 6, 6, 6, 6, 6, 6, 6, 0, 6, 6, 6, 2, 6, 6, 6, 6, 4, 6, 6, 6, 6, 6, 6, 6, 6, 6, 6, 6, 6, 2, 6, 6, 6, 6, 2, 2, 6, 6, 4, 6, 6, 6, 6, 6, 6, 2, 6, 6, 6, 6, 5, 6, 6, 6, 6, 6, 6, 6, 6, 2, 6, 6, 0, 2, 6, 6, 6, 0, 6, 2, 6, 6, 6, 6, 6, 6, 6, 6, 2, 6, 6, 6, 2, 6, 0, 6, 6, 6, 6, 6, 6, 6, 6, 2, 0, 5, 6, 6, 6, 6, 6, 2, 6, 6, 6, 6, 6, 6, 6, 6, 6, 2, 6, 6, 4, 6, 6, 6, 6, 6, 6, 6, 6, 6, 6, 6, 6, 6, 6, 6, 6, 6, 2, 6, 2, 6, 6, 6, 6, 6, 6, 2, 6, 0, 6, 6, 6, 0, 0, 6, 2, 6, 6, 6, 6, 6, 6, 0, 6, 6, 6, 6, 6, 6, 5, 6, 0, 2, 6, 6, 6, 0, 6, 4, 5, 6, 6, 6, 2, 6, 6, 6, 6, 2, 6, 6, 6, 6, 6, 6, 6, 6, 6, 6, 2, 6, 6, 6, 6, 6, 6, 6, 0, 6, 6, 6, 6, 6, 6, 6, 6, 6, 6, 6, 6, 6, 6, 4, 6, 6, 6, 6, 6, 2, 6, 6, 6, 2, 6, 6, 6, 6, 6, 6, 6, 6, 2, 4, 6, 6, 6, 6, 5, 6, 6, 0, 6, 6, 0, 0, 6, 6, 6, 6, 6, 6, 6, 6, 6, 6, 6, 6, 6, 6, 2, 6, 2, 6, 6, 6, 6] 

2 (dominant 4 ): [4, 4, 4, 4, 4, 5, 4, 4, 4, 4, 4, 4, 4, 4, 2, 4, 4, 4, 4, 4, 4, 6, 4, 4, 4, 4, 4, 4, 4, 4, 4, 4, 4, 4, 4, 4, 4, 4, 4, 4, 4, 5, 4, 4, 4, 4, 3, 4, 4, 4, 4, 4, 4, 5, 4, 4, 4, 4, 3, 4, 4, 4, 4, 4, 4, 4, 4, 4, 4, 4, 4, 4, 4, 4, 4, 4, 4, 4, 3, 4, 4, 4, 4, 4, 4, 4, 4, 2, 4, 4, 4, 5, 4, 4, 4, 4, 4, 4, 4, 2, 4, 4, 4, 4, 3, 4, 4, 4, 4, 4, 4, 4, 4, 4, 4, 4, 4, 4, 4, 4, 4, 4, 6, 4, 4, 4, 4, 4, 4, 4, 3, 4, 4, 4, 2, 4, 4, 4, 4, 4, 4, 4, 4, 4, 4, 4, 4, 3, 4, 4, 4, 4, 4, 4, 4, 4, 4, 4, 4, 3, 4, 4, 4, 4, 4, 4, 4, 4, 4, 4, 4, 4, 4, 4, 4, 4, 4, 4, 4, 4, 4, 4, 2, 4, 4, 4, 5, 4, 4, 4, 6, 4, 4, 4, 4, 4, 4, 4, 4, 4, 4, 5, 4, 4, 4, 4, 4, 4, 2, 3, 4, 4, 4, 4, 4, 4, 4, 4, 4, 4, 4, 4, 4, 4, 4, 4, 4, 4, 4, 4, 4, 4, 4, 4, 4, 3, 4, 4, 4, 4, 4, 4, 4, 4, 4, 4, 4, 4, 5, 4, 4, 4, 4, 4, 4, 4, 4, 4, 4, 4, 3, 4, 4, 4, 4, 4, 4, 3, 4, 2, 4, 4, 4, 4, 3, 4, 4, 4, 4, 4, 2, 4, 4, 4, 4, 4, 4, 4, 4, 4, 4, 2, 4, 4, 4, 4, 4, 4, 4, 4, 4, 2, 3, 4, 4, 4, 3, 4, 4, 4, 4, 4, 4, 4, 5, 4, 4, 5, 4, 4, 4, 4, 4, 4, 3, 4, 4, 4, 4, 4, 4, 4, 4, 4, 4, 4, 4, 4, 4, 4, 5, 4, 4, 4, 4, 4, 4, 4, 4, 4, 4, 4, 4, 4, 4, 4, 4, 4, 4, 4, 4, 2, 2, 4, 4, 6, 4, 4, 0, 3, 4, 4, 4, 4, 4, 5, 4, 4, 6, 4, 4, 4, 4, 3, 4, 4, 4, 4, 4, 4, 4, 4, 4, 4, 4, 4, 4, 4, 4, 4, 4, 3, 4, 0, 4, 4, 4, 4, 4, 0, 4, 4, 4, 4, 4, 4, 4, 4, 4, 4, 4, 4, 4, 4, 4, 4, 4, 4, 4, 4, 4, 4, 4, 4] 

3 (dominant 0 ): [0, 0, 0, 0, 0, 0, 0, 0, 0, 0, 6, 0, 0, 0, 0, 2, 0, 0, 0, 0, 0, 0, 0, 0, 2, 0, 0, 0, 0, 0, 0, 0, 0, 0, 0, 0, 0, 0, 0, 0, 0, 0, 6, 6, 0, 0, 0, 0, 0, 0, 0, 0, 0, 0, 0, 0, 0, 0, 6, 0, 0, 0, 0, 0, 0, 0, 0, 6, 0, 0, 0, 0, 0, 0, 5, 0, 0, 0, 0, 0, 2, 0, 0, 0, 0, 0, 2, 0, 0, 0, 0, 0, 0, 0, 0, 2, 0, 0, 2, 6, 0, 6, 0, 4, 1, 2, 0, 0, 0, 2, 0, 0, 0, 0, 2, 6, 0, 2, 0, 0, 0, 0, 0, 0, 2, 0, 0, 0, 6, 0, 2, 2, 0, 2, 0, 6, 4, 2, 0, 0, 2, 0, 0, 0, 0, 0, 0, 0, 0, 0, 2, 0, 0, 0, 0, 0, 2, 0, 0, 0, 0, 0, 0, 0, 0, 6, 4, 0, 0, 0, 0, 0, 2, 0, 6, 0, 0, 6, 0, 0, 0, 0, 0, 2, 0, 2, 0, 6, 0, 2, 0, 0, 0, 0, 0, 0, 0, 0, 0, 0, 0, 0, 0, 0, 6, 0, 0, 0, 0, 0, 0, 6, 0, 2, 0, 6, 4, 0, 0, 0, 0, 0, 2, 2, 0, 0, 0, 6, 0, 0, 0, 5, 0, 0, 0, 0, 0, 0, 0, 0, 0, 0, 0, 0, 0, 0, 2, 0, 0, 6, 0, 0, 0, 0, 6, 6, 2, 0, 0, 0, 4, 0, 0, 2, 0, 0, 0, 0, 4, 0, 2, 0, 0, 4, 0, 0, 0, 2, 0, 0, 0, 0, 0, 0, 0, 5, 2, 0, 0, 0, 0, 0, 0, 0, 6, 0, 6, 0, 0, 0, 0, 0, 0, 0, 6, 2, 0, 2, 0, 0, 0, 0, 0, 0, 0, 0, 2, 0, 0, 0, 0, 6, 0, 2, 0, 0, 2, 2, 6, 6, 0, 6, 0, 0, 2, 0, 0, 0, 0, 0, 6, 0, 0, 0, 0, 0, 6, 0, 6, 0, 0, 2, 0, 2, 0, 0, 0, 0, 0, 0, 2, 4, 2, 2, 0, 0, 0, 2, 2, 0, 0, 2, 0, 0, 0, 0, 0, 0, 0, 2, 0, 2, 0, 0, 0, 0, 0, 2, 0, 2, 0, 6, 0, 0, 0, 0, 0, 0, 0, 0, 6, 0, 0, 0, 0, 0, 0, 0, 6, 0, 0, 2, 0, 0, 0, 0, 6, 2, 2, 0, 0, 0, 0, 0, 0, 2, 0, 0, 0, 2, 0, 0, 2, 2, 0, 0, 0, 0, 0, 0, 2, 2, 0, 0, 0, 6, 0, 6, 0, 6, 0, 0, 0, 2, 0, 2, 2, 0, 2, 0, 0, 0, 0, 0, 0, 0, 0, 2, 0, 6, 0, 0, 0, 0, 6, 0, 0, 0, 6, 0, 0, 0, 0, 2, 6, 0, 0, 0, 2, 0, 0, 0, 0, 0, 0, 0, 0, 2, 0, 0, 0, 6, 0, 0, 0, 0, 0, 2, 0, 0, 0, 0, 0, 2, 0, 0, 0, 0, 0, 0, 6, 0, 6, 0, 0, 6, 0, 0, 0, 0, 6, 2] 

------------------------
all clusters:
0 : [2, 2, 2, 2, 6, 2, 2, 2, 2, 2, 2, 2, 2, 2, 2, 2, 2, 2, 2, 2, 6, 2, 2, 2, 2, 2, 2, 2, 2, 2, 2, 2, 2, 2, 2, 5, 2, 2, 2, 2, 2, 2, 6, 6, 6, 2, 2, 2, 2, 2, 2, 2, 6, 2, 2, 2, 2, 2, 2, 2, 2, 2, 2, 2, 2, 6, 2, 2, 2, 2, 2, 4, 2, 2, 2, 2, 2, 2, 2, 2, 2, 2, 2, 2, 2, 6, 2, 2, 6, 2, 2, 0, 2, 2, 2, 2, 2, 2, 2, 2, 2, 2, 6, 2, 0, 2, 2, 2, 2, 2, 2, 2, 2, 2, 2, 0, 2, 6, 2, 2, 2, 2, 2, 2, 2, 2, 2, 2, 2, 2, 2, 2, 2, 2, 2, 2, 2, 2, 2, 2, 2, 2, 2, 5, 2, 2, 2, 2, 2, 4, 2, 2, 2, 2, 2, 2, 2, 2, 6, 2, 2, 2, 2, 6, 2, 2, 2, 2, 2, 2, 2, 2, 2, 2, 2, 4, 2, 2, 2, 2, 2, 2, 2, 2, 2, 4, 2, 2, 6, 2, 5, 6, 2, 2, 6, 2, 2, 2, 2, 2, 2, 2, 2, 2, 2, 2, 2, 2, 6, 2, 2, 4, 2, 2, 4, 2, 2, 2, 2, 2, 2, 2, 2, 2, 2, 6, 2, 4, 2, 2, 2, 2, 2, 2, 2, 2, 4, 2, 2, 2, 5, 2, 2, 2, 2, 2, 2, 2, 2, 2, 2, 2, 2, 2, 2, 2, 2, 2, 2, 2, 2, 2, 2, 2, 2, 2, 4, 2, 2, 2, 2, 6, 6, 2, 2, 2, 2, 2, 2, 2, 4, 2, 2, 2, 2, 6, 2, 2, 6, 2, 2, 4, 2, 2, 2, 2, 2, 2, 2, 2, 2, 2, 2, 2, 2, 2, 2, 2, 2, 2, 2, 2, 4, 6, 2, 2, 2, 2, 2, 2, 2, 2, 2, 2, 2, 2, 2, 2, 2, 0, 2, 2, 2, 4, 4, 4, 5, 6, 2, 6, 2, 2, 2, 2, 2, 2, 2, 4, 5, 6, 2, 2, 6, 2, 2, 2, 2, 4, 6] 

1 : [3, 0, 6, 6, 6, 6, 6, 5, 6, 6, 0, 6, 6, 6, 6, 6, 6, 6, 6, 6, 6, 6, 6, 2, 6, 6, 6, 6, 2, 6, 6, 6, 6, 6, 2, 2, 6, 6, 6, 6, 6, 6, 6, 6, 6, 6, 2, 6, 6, 2, 6, 6, 6, 6, 6, 6, 6, 6, 0, 6, 6, 6, 2, 6, 6, 6, 6, 6, 6, 6, 6, 6, 6, 2, 6, 6, 6, 4, 6, 6, 6, 6, 6, 6, 6, 6, 6, 6, 6, 6, 6, 6, 6, 6, 6, 6, 6, 2, 6, 6, 6, 6, 6, 6, 6, 6, 6, 6, 2, 6, 6, 2, 6, 6, 6, 6, 6, 6, 6, 1, 6, 6, 6, 6, 2, 6, 6, 6, 0, 6, 6, 6, 2, 0, 6, 6, 0, 2, 0, 6, 6, 6, 6, 6, 6, 6, 6, 6, 2, 6, 6, 6, 6, 6, 6, 6, 6, 6, 6, 2, 6, 6, 6, 6, 6, 6, 6, 6, 6, 6, 6, 6, 6, 4, 6, 6, 6, 6, 6, 6, 6, 6, 0, 6, 6, 6, 2, 6, 6, 6, 6, 4, 6, 6, 6, 6, 6, 6, 6, 6, 6, 6, 6, 6, 2, 6, 6, 6, 6, 2, 2, 6, 6, 4, 6, 6, 6, 6, 6, 6, 2, 6, 6, 6, 6, 5, 6, 6, 6, 6, 6, 6, 6, 6, 2, 6, 6, 0, 2, 6, 6, 6, 0, 6, 2, 6, 6, 6, 6, 6, 6, 6, 6, 2, 6, 6, 6, 2, 6, 0, 6, 6, 6, 6, 6, 6, 6, 6, 2, 0, 5, 6, 6, 6, 6, 6, 2, 6, 6, 6, 6, 6, 6, 6, 6, 6, 2, 6, 6, 4, 6, 6, 6, 6, 6, 6, 6, 6, 6, 6, 6, 6, 6, 6, 6, 6, 6, 2, 6, 2, 6, 6, 6, 6, 6, 6, 2, 6, 0, 6, 6, 6, 0, 0, 6, 2, 6, 6, 6, 6, 6, 6, 0, 6, 6, 6, 6, 6, 6, 5, 6, 0, 2, 6, 6, 6, 0, 6, 4, 5, 6, 6, 6, 2, 6, 6, 6, 6, 2, 6, 6, 6, 6, 6, 6, 6, 6, 6, 6, 2, 6, 6, 6, 6, 6, 6, 6, 0, 6, 6, 6, 6, 6, 6, 6, 6, 6, 6, 6, 6, 6, 6, 4, 6, 6, 6, 6, 6, 2, 6, 6, 6, 2, 6, 6, 6, 6, 6, 6, 6, 6, 2, 4, 6, 6, 6, 6, 5, 6, 6, 0, 6, 6, 0, 0, 6, 6, 6, 6, 6, 6, 6, 6, 6, 6, 6, 6, 6, 6, 2, 6, 2, 6, 6, 6, 6] 

2 : [4, 4, 4, 4, 4, 5, 4, 4, 4, 4, 4, 4, 4, 4, 2, 4, 4, 4, 4, 4, 4, 6, 4, 4, 4, 4, 4, 4, 4, 4, 4, 4, 4, 4, 4, 4, 4, 4, 4, 4, 4, 5, 4, 4, 4, 4, 3, 4, 4, 4, 4, 4, 4, 5, 4, 4, 4, 4, 3, 4, 4, 4, 4, 4, 4, 4, 4, 4, 4, 4, 4, 4, 4, 4, 4, 4, 4, 4, 3, 4, 4, 4, 4, 4, 4, 4, 4, 2, 4, 4, 4, 5, 4, 4, 4, 4, 4, 4, 4, 2, 4, 4, 4, 4, 3, 4, 4, 4, 4, 4, 4, 4, 4, 4, 4, 4, 4, 4, 4, 4, 4, 4, 6, 4, 4, 4, 4, 4, 4, 4, 3, 4, 4, 4, 2, 4, 4, 4, 4, 4, 4, 4, 4, 4, 4, 4, 4, 3, 4, 4, 4, 4, 4, 4, 4, 4, 4, 4, 4, 3, 4, 4, 4, 4, 4, 4, 4, 4, 4, 4, 4, 4, 4, 4, 4, 4, 4, 4, 4, 4, 4, 4, 2, 4, 4, 4, 5, 4, 4, 4, 6, 4, 4, 4, 4, 4, 4, 4, 4, 4, 4, 5, 4, 4, 4, 4, 4, 4, 2, 3, 4, 4, 4, 4, 4, 4, 4, 4, 4, 4, 4, 4, 4, 4, 4, 4, 4, 4, 4, 4, 4, 4, 4, 4, 4, 3, 4, 4, 4, 4, 4, 4, 4, 4, 4, 4, 4, 4, 5, 4, 4, 4, 4, 4, 4, 4, 4, 4, 4, 4, 3, 4, 4, 4, 4, 4, 4, 3, 4, 2, 4, 4, 4, 4, 3, 4, 4, 4, 4, 4, 2, 4, 4, 4, 4, 4, 4, 4, 4, 4, 4, 2, 4, 4, 4, 4, 4, 4, 4, 4, 4, 2, 3, 4, 4, 4, 3, 4, 4, 4, 4, 4, 4, 4, 5, 4, 4, 5, 4, 4, 4, 4, 4, 4, 3, 4, 4, 4, 4, 4, 4, 4, 4, 4, 4, 4, 4, 4, 4, 4, 5, 4, 4, 4, 4, 4, 4, 4, 4, 4, 4, 4, 4, 4, 4, 4, 4, 4, 4, 4, 4, 2, 2, 4, 4, 6, 4, 4, 0, 3, 4, 4, 4, 4, 4, 5, 4, 4, 6, 4, 4, 4, 4, 3, 4, 4, 4, 4, 4, 4, 4, 4, 4, 4, 4, 4, 4, 4, 4, 4, 4, 3, 4, 0, 4, 4, 4, 4, 4, 0, 4, 4, 4, 4, 4, 4, 4, 4, 4, 4, 4, 4, 4, 4, 4, 4, 4, 4, 4, 4, 4, 4, 4, 4] 

3 : [0, 0, 0, 0, 0, 0, 0, 0, 0, 0, 6, 0, 0, 0, 0, 2, 0, 0, 0, 0, 0, 0, 0, 0, 2, 0, 0, 0, 0, 0, 0, 0, 0, 0, 0, 0, 0, 0, 0, 0, 0, 0, 6, 6, 0, 0, 0, 0, 0, 0, 0, 0, 0, 0, 0, 0, 0, 0, 6, 0, 0, 0, 0, 0, 0, 0, 0, 6, 0, 0, 0, 0, 0, 0, 5, 0, 0, 0, 0, 0, 2, 0, 0, 0, 0, 0, 2, 0, 0, 0, 0, 0, 0, 0, 0, 2, 0, 0, 2, 6, 0, 6, 0, 4, 1, 2, 0, 0, 0, 2, 0, 0, 0, 0, 2, 6, 0, 2, 0, 0, 0, 0, 0, 0, 2, 0, 0, 0, 6, 0, 2, 2, 0, 2, 0, 6, 4, 2, 0, 0, 2, 0, 0, 0, 0, 0, 0, 0, 0, 0, 2, 0, 0, 0, 0, 0, 2, 0, 0, 0, 0, 0, 0, 0, 0, 6, 4, 0, 0, 0, 0, 0, 2, 0, 6, 0, 0, 6, 0, 0, 0, 0, 0, 2, 0, 2, 0, 6, 0, 2, 0, 0, 0, 0, 0, 0, 0, 0, 0, 0, 0, 0, 0, 0, 6, 0, 0, 0, 0, 0, 0, 6, 0, 2, 0, 6, 4, 0, 0, 0, 0, 0, 2, 2, 0, 0, 0, 6, 0, 0, 0, 5, 0, 0, 0, 0, 0, 0, 0, 0, 0, 0, 0, 0, 0, 0, 2, 0, 0, 6, 0, 0, 0, 0, 6, 6, 2, 0, 0, 0, 4, 0, 0, 2, 0, 0, 0, 0, 4, 0, 2, 0, 0, 4, 0, 0, 0, 2, 0, 0, 0, 0, 0, 0, 0, 5, 2, 0, 0, 0, 0, 0, 0, 0, 6, 0, 6, 0, 0, 0, 0, 0, 0, 0, 6, 2, 0, 2, 0, 0, 0, 0, 0, 0, 0, 0, 2, 0, 0, 0, 0, 6, 0, 2, 0, 0, 2, 2, 6, 6, 0, 6, 0, 0, 2, 0, 0, 0, 0, 0, 6, 0, 0, 0, 0, 0, 6, 0, 6, 0, 0, 2, 0, 2, 0, 0, 0, 0, 0, 0, 2, 4, 2, 2, 0, 0, 0, 2, 2, 0, 0, 2, 0, 0, 0, 0, 0, 0, 0, 2, 0, 2, 0, 0, 0, 0, 0, 2, 0, 2, 0, 6, 0, 0, 0, 0, 0, 0, 0, 0, 6, 0, 0, 0, 0, 0, 0, 0, 6, 0, 0, 2, 0, 0, 0, 0, 6, 2, 2, 0, 0, 0, 0, 0, 0, 2, 0, 0, 0, 2, 0, 0, 2, 2, 0, 0, 0, 0, 0, 0, 2, 2, 0, 0, 0, 6, 0, 6, 0, 6, 0, 0, 0, 2, 0, 2, 2, 0, 2, 0, 0, 0, 0, 0, 0, 0, 0, 2, 0, 6, 0, 0, 0, 0, 6, 0, 0, 0, 6, 0, 0, 0, 0, 2, 6, 0, 0, 0, 2, 0, 0, 0, 0, 0, 0, 0, 0, 2, 0, 0, 0, 6, 0, 0, 0, 0, 0, 2, 0, 0, 0, 0, 0, 2, 0, 0, 0, 0, 0, 0, 6, 0, 6, 0, 0, 6, 0, 0, 0, 0, 6, 2] 