Z_NORM_INPUT_DATA = True
Z_NORM_SALIENCY_MAPS = True
REDUCED_TESTSET = False
DATASET_NAME = "UWaveGestureLibraryAll"

METRIC_FOR_ELBOW_METHOD = "dtw"
METRIC_FOR_CLUSTERING = "dtw"

target_len = 256

bs=[32, 64]

300 epochs

model = XCM

test accuracy: 0.974036850921273

N_INIT = 20
MAX_ITER = 500
SEED = 42
MAX_ITER_BARYCENTER = 300

##### Clustering for Saliency Maps - class 1 #####
number of classes to cluster (ground truth): 4
determined k: 4

cluster distribution: [435, 499, 337, 492]
ground truth per cluster:
	- [5, 7, 7, 7, 3, 7, 7, 7, 5, 7, 7, 7, 7, 7, 7, 7, 7, 7, 7, 7, 7, 3, 7, 7, 7, 7, 7, 7, 7, 7, 7, 3, 7, 7, 5, 5, 5, 7, 5, 7, 7, 7, 7, 5, 7, 7, 7, 7, 7, 7, 3, 7, 7, 7, 7, 7, 7, 7, 7, 7, 7, 3, 7, 5, 5, 7, 3, 7, 7, 7, 5, 7, 3, 7, 5, 3, 7, 7, 3, 7, 5, 7, 7, 7, 7, 7, 7, 2, 7, 7, 7, 5, 7, 7, 5, 7, 7, 7, 7, 5, 7, 7, 3, 7, 5, 7, 7, 7, 7, 7, 7, 7, 7, 7, 7, 7, 5, 7, 5, 5, 7, 7, 7, 7, 7, 7, 7, 3, 7, 7, 7, 7, 7, 7, 7, 7, 7, 5, 7, 7, 7, 7, 7, 5, 7, 5, 7, 7, 7, 7, 7, 7, 7, 7, 7, 7, 7, 7, 7, 7, 7, 7, 7, 7, 7, 7, 7, 5, 5, 7, 5, 7, 7, 7, 7, 7, 7, 7, 7, 3, 7, 7, 7, 7, 7, 7, 7, 7, 1, 7, 7, 7, 7, 7, 7, 7, 7, 5, 7, 5, 7, 7, 7, 5, 7, 7, 7, 7, 5, 7, 7, 5, 7, 7, 7, 7, 5, 7, 7, 7, 7, 7, 7, 7, 7, 7, 7, 7, 7, 7, 5, 7, 7, 7, 7, 7, 7, 7, 7, 7, 7, 7, 3, 7, 7, 7, 5, 7, 7, 7, 5, 7, 7, 5, 7, 7, 4, 7, 7, 7, 7, 7, 7, 7, 7, 7, 7, 7, 7, 4, 3, 7, 7, 7, 7, 7, 7, 7, 7, 7, 7, 7, 7, 5, 7, 7, 5, 7, 2, 7, 7, 7, 7, 7, 7, 7, 2, 7, 7, 7, 7, 7, 3, 7, 7, 7, 7, 7, 7, 7, 7, 7, 3, 7, 7, 4, 7, 7, 7, 7, 7, 7, 7, 7, 5, 7, 7, 5, 7, 7, 5, 7, 7, 7, 7, 7, 7, 7, 2, 7, 5, 7, 7, 7, 7, 7, 5, 5, 7, 7, 7, 7, 7, 7, 5, 7, 7, 7, 7, 5, 7, 7, 7, 7, 5, 7, 5, 5, 2, 7, 5, 7, 7, 7, 7, 7, 7, 7, 7, 7, 3, 7, 7, 7, 7, 4, 7, 7, 7, 7, 7, 3, 7, 7, 7, 3, 7, 7, 7, 5, 7, 7, 7, 7, 7, 7, 7, 7, 3, 7, 7, 7, 7, 7, 7, 7, 7, 7, 7, 5, 7, 7, 7, 7, 7, 7, 7, 7, 7, 5, 7, 7, 7, 2, 7] 

	- [3, 3, 5, 3, 5, 7, 5, 5, 7, 5, 5, 3, 3, 7, 7, 5, 5, 5, 7, 5, 2, 5, 7, 5, 5, 5, 5, 7, 5, 7, 3, 1, 6, 5, 7, 7, 5, 5, 5, 5, 7, 7, 5, 7, 5, 5, 5, 5, 7, 7, 5, 3, 3, 7, 7, 5, 5, 5, 5, 3, 7, 5, 3, 3, 5, 5, 5, 5, 5, 5, 0, 3, 7, 5, 3, 3, 5, 7, 3, 5, 5, 5, 3, 5, 5, 5, 3, 5, 3, 3, 5, 5, 5, 3, 5, 3, 5, 5, 5, 5, 5, 5, 5, 3, 5, 5, 5, 3, 7, 5, 3, 5, 5, 2, 7, 7, 5, 7, 3, 5, 5, 5, 5, 5, 3, 5, 5, 3, 5, 5, 3, 3, 5, 5, 5, 3, 7, 5, 5, 3, 3, 5, 7, 5, 5, 3, 7, 5, 5, 3, 5, 5, 5, 5, 5, 5, 5, 5, 5, 5, 5, 5, 5, 7, 3, 5, 3, 3, 2, 5, 7, 5, 5, 3, 7, 5, 5, 5, 5, 2, 3, 3, 5, 5, 3, 5, 3, 3, 3, 5, 5, 0, 7, 3, 5, 7, 5, 5, 7, 5, 5, 3, 3, 3, 3, 3, 5, 5, 5, 7, 5, 5, 7, 5, 7, 5, 5, 5, 5, 5, 5, 3, 3, 7, 5, 5, 5, 5, 3, 5, 3, 5, 0, 7, 7, 5, 5, 5, 7, 5, 3, 7, 3, 7, 5, 5, 5, 3, 5, 5, 3, 5, 3, 5, 3, 5, 5, 3, 3, 5, 5, 5, 7, 7, 3, 3, 5, 7, 7, 5, 5, 3, 5, 5, 5, 5, 5, 5, 7, 7, 5, 5, 5, 3, 3, 5, 7, 5, 5, 3, 5, 5, 3, 5, 3, 5, 7, 5, 5, 7, 7, 3, 3, 5, 3, 3, 7, 3, 5, 5, 5, 7, 3, 7, 5, 7, 3, 3, 7, 5, 3, 5, 5, 5, 5, 3, 7, 3, 5, 5, 3, 5, 5, 3, 7, 7, 5, 7, 5, 3, 5, 5, 5, 5, 3, 3, 5, 5, 5, 7, 5, 5, 5, 5, 7, 3, 5, 3, 2, 3, 7, 3, 5, 5, 7, 5, 5, 5, 5, 5, 5, 5, 5, 7, 5, 5, 5, 3, 5, 5, 5, 5, 5, 5, 7, 7, 3, 5, 7, 5, 5, 5, 5, 5, 5, 3, 5, 5, 3, 7, 3, 5, 3, 5, 5, 7, 5, 5, 4, 5, 3, 5, 1, 5, 2, 3, 5, 1, 5, 3, 5, 5, 5, 5, 5, 5, 5, 5, 5, 3, 5, 5, 5, 5, 5, 3, 5, 5, 5, 5, 3, 3, 5, 5, 5, 7, 5, 5, 1, 7, 5, 5, 7, 5, 5, 5, 5, 7, 5, 3, 7, 3, 7, 5, 5, 7, 3, 3, 5, 3, 3, 5, 3, 3, 5, 5, 5, 5, 7, 5, 5, 7, 7, 3, 3, 5, 5, 2, 7, 3, 7, 5, 5, 5, 3, 5, 5, 3, 3] 

	- [3, 3, 3, 5, 3, 3, 5, 3, 3, 3, 3, 3, 3, 3, 3, 3, 3, 3, 3, 7, 3, 5, 2, 3, 3, 3, 3, 3, 3, 3, 3, 3, 5, 3, 5, 5, 5, 3, 3, 3, 3, 5, 3, 3, 3, 3, 3, 3, 5, 0, 3, 3, 3, 5, 5, 3, 3, 3, 3, 5, 3, 3, 3, 3, 3, 3, 3, 3, 3, 5, 3, 3, 3, 3, 3, 3, 3, 7, 5, 3, 3, 3, 7, 4, 3, 3, 3, 5, 5, 3, 5, 4, 3, 3, 3, 3, 3, 4, 3, 3, 5, 3, 3, 4, 3, 3, 3, 5, 5, 5, 3, 7, 5, 3, 3, 3, 3, 3, 3, 3, 3, 3, 3, 3, 3, 3, 3, 3, 3, 3, 3, 3, 5, 3, 3, 3, 3, 3, 4, 2, 7, 3, 3, 3, 3, 3, 5, 3, 3, 5, 3, 3, 3, 5, 3, 3, 3, 3, 5, 3, 3, 3, 5, 3, 3, 5, 3, 3, 3, 5, 3, 3, 3, 3, 3, 3, 3, 3, 0, 3, 3, 3, 5, 3, 3, 3, 3, 3, 4, 3, 5, 3, 3, 3, 3, 3, 3, 3, 5, 3, 3, 3, 3, 5, 5, 5, 3, 3, 3, 3, 3, 3, 3, 5, 3, 3, 3, 3, 3, 3, 3, 3, 3, 3, 3, 3, 3, 5, 3, 3, 3, 5, 3, 3, 3, 3, 3, 3, 3, 3, 5, 3, 3, 3, 3, 3, 3, 5, 3, 3, 3, 5, 3, 3, 3, 5, 5, 3, 3, 3, 3, 3, 3, 3, 3, 3, 3, 3, 5, 3, 3, 3, 5, 4, 5, 3, 3, 3, 3, 2, 2, 3, 3, 3, 3, 3, 3, 3, 3, 3, 3, 3, 3, 3, 5, 5, 3, 3, 3, 3, 3, 5, 3, 3, 5, 3, 3, 3, 3, 7, 3, 3, 3, 5, 3, 3, 2, 3, 5, 5, 3, 3, 3, 5, 3, 3, 3, 3, 3, 3, 3, 3, 3, 5, 5, 5, 3] 

	- [1, 1, 1, 1, 5, 1, 1, 1, 5, 1, 1, 1, 1, 1, 1, 1, 1, 1, 1, 1, 1, 1, 1, 1, 7, 1, 1, 1, 1, 1, 1, 1, 1, 1, 1, 1, 3, 1, 1, 1, 1, 1, 1, 1, 1, 1, 1, 1, 1, 1, 1, 1, 7, 1, 1, 1, 1, 1, 1, 1, 1, 1, 1, 3, 1, 1, 1, 1, 1, 1, 1, 1, 1, 1, 1, 1, 1, 1, 1, 1, 7, 1, 1, 1, 1, 1, 3, 7, 1, 1, 1, 1, 1, 1, 1, 1, 1, 1, 1, 1, 1, 1, 1, 1, 1, 1, 1, 1, 1, 1, 5, 1, 1, 1, 1, 2, 1, 1, 1, 1, 1, 1, 1, 1, 1, 1, 1, 1, 1, 1, 1, 1, 1, 1, 1, 1, 1, 1, 1, 1, 1, 1, 1, 1, 1, 1, 1, 7, 1, 1, 1, 4, 1, 1, 1, 1, 7, 1, 1, 1, 1, 2, 1, 1, 1, 1, 1, 1, 1, 1, 1, 1, 1, 1, 1, 1, 1, 5, 3, 1, 1, 1, 1, 1, 7, 1, 1, 1, 1, 1, 1, 1, 1, 1, 1, 1, 1, 1, 1, 1, 2, 1, 1, 4, 1, 1, 1, 1, 4, 1, 1, 1, 1, 1, 7, 3, 1, 7, 1, 1, 1, 1, 1, 7, 1, 1, 1, 1, 1, 1, 1, 1, 1, 1, 1, 1, 1, 1, 7, 1, 1, 1, 1, 1, 1, 1, 7, 1, 1, 1, 7, 1, 1, 1, 1, 1, 1, 3, 1, 1, 1, 1, 1, 1, 1, 1, 1, 1, 1, 1, 1, 1, 1, 1, 1, 1, 1, 1, 1, 1, 1, 1, 1, 1, 1, 1, 1, 1, 1, 1, 1, 1, 3, 1, 1, 1, 1, 1, 1, 1, 1, 1, 3, 1, 1, 1, 1, 1, 1, 1, 1, 1, 1, 1, 1, 1, 3, 1, 1, 1, 1, 1, 1, 1, 1, 1, 1, 1, 1, 1, 1, 1, 1, 1, 1, 1, 1, 1, 1, 1, 1, 1, 1, 1, 1, 1, 1, 1, 1, 1, 1, 1, 2, 1, 1, 1, 7, 1, 3, 1, 1, 1, 1, 1, 7, 1, 1, 1, 1, 1, 1, 1, 1, 1, 1, 1, 7, 1, 1, 1, 1, 3, 1, 7, 1, 1, 7, 1, 3, 1, 1, 1, 1, 1, 1, 3, 1, 1, 1, 1, 1, 1, 1, 1, 2, 1, 1, 1, 1, 1, 1, 1, 1, 3, 1, 1, 1, 1, 1, 1, 2, 1, 1, 1, 1, 1, 1, 1, 1, 1, 3, 1, 5, 1, 1, 1, 1, 1, 1, 1, 1, 1, 1, 1, 1, 1, 1, 1, 1, 1, 1, 1, 1, 1, 1, 1, 1, 1, 1, 1, 1, 1, 1, 1, 1, 1, 1, 1, 1, 1, 1, 1, 1, 1, 1, 1, 1, 1, 1, 1, 1, 1, 1, 1, 1, 1, 1, 1, 3, 1, 1, 1] 

##### Clustering for Input Samples - class 1 #####

number of classes to cluster (ground truth): 4
determined k: 3

cluster distribution: [591, 672, 500]
ground truth per cluster:
	- [3, 3, 3, 3, 3, 5, 5, 7, 3, 3, 7, 3, 5, 3, 3, 5, 3, 3, 3, 3, 7, 3, 3, 3, 5, 3, 5, 3, 3, 3, 3, 7, 3, 7, 5, 5, 5, 5, 3, 5, 3, 3, 3, 5, 3, 3, 5, 5, 5, 3, 3, 3, 7, 5, 3, 3, 5, 3, 5, 5, 5, 3, 5, 3, 3, 3, 3, 5, 5, 5, 3, 5, 3, 3, 3, 5, 3, 3, 5, 0, 3, 3, 3, 5, 3, 3, 7, 3, 3, 3, 5, 3, 3, 7, 5, 3, 5, 3, 5, 3, 5, 3, 3, 3, 3, 5, 3, 5, 3, 3, 3, 5, 3, 3, 3, 5, 5, 3, 3, 3, 3, 3, 3, 3, 5, 5, 3, 3, 3, 3, 3, 3, 3, 3, 3, 3, 3, 3, 5, 3, 3, 3, 3, 3, 5, 3, 3, 5, 5, 7, 5, 4, 3, 3, 5, 3, 5, 3, 3, 7, 3, 5, 5, 3, 3, 5, 3, 3, 3, 5, 3, 5, 7, 5, 5, 3, 5, 3, 4, 5, 3, 3, 5, 5, 3, 3, 3, 3, 3, 4, 5, 3, 3, 5, 3, 3, 5, 3, 5, 5, 5, 7, 3, 5, 3, 5, 3, 3, 3, 3, 3, 4, 3, 5, 3, 5, 5, 3, 3, 7, 3, 3, 3, 3, 3, 3, 3, 5, 3, 3, 3, 5, 7, 3, 3, 5, 3, 3, 5, 3, 3, 3, 7, 3, 3, 5, 5, 3, 3, 3, 3, 5, 3, 5, 3, 4, 3, 5, 3, 3, 5, 3, 0, 3, 3, 5, 5, 4, 7, 3, 5, 3, 3, 3, 3, 5, 3, 5, 3, 3, 3, 3, 3, 3, 3, 3, 5, 3, 3, 3, 3, 3, 5, 3, 5, 3, 3, 3, 5, 7, 3, 7, 3, 3, 5, 5, 3, 5, 3, 3, 5, 3, 3, 3, 3, 5, 3, 3, 3, 3, 5, 7, 3, 5, 5, 7, 3, 5, 3, 3, 3, 7, 3, 3, 3, 3, 3, 3, 4, 3, 3, 3, 5, 3, 3, 3, 3, 3, 3, 5, 5, 3, 3, 4, 3, 3, 3, 7, 5, 3, 3, 3, 5, 5, 3, 4, 3, 5, 5, 3, 3, 3, 3, 5, 3, 3, 3, 3, 3, 3, 3, 7, 3, 3, 3, 3, 7, 5, 3, 5, 3, 3, 3, 3, 3, 3, 3, 3, 5, 3, 5, 3, 3, 3, 3, 5, 7, 3, 5, 3, 5, 5, 3, 3, 3, 7, 3, 3, 3, 3, 3, 3, 3, 3, 5, 5, 7, 5, 3, 3, 5, 3, 5, 5, 3, 5, 3, 3, 5, 5, 7, 3, 5, 5, 3, 3, 3, 7, 5, 3, 5, 3, 5, 3, 3, 3, 5, 5, 5, 3, 3, 3, 3, 3, 3, 3, 3, 3, 5, 3, 3, 5, 3, 3, 5, 3, 3, 3, 3, 3, 3, 4, 5, 3, 3, 7, 7, 3, 3, 3, 3, 3, 3, 5, 3, 3, 5, 3, 5, 3, 5, 5, 3, 3, 5, 3, 3, 3, 5, 3, 3, 3, 5, 3, 5, 3, 5, 5, 3, 3, 3, 3, 3, 3, 3, 5, 5, 5, 3, 3, 3, 3, 5, 5, 3, 3, 5, 5, 5, 7, 4, 5, 3, 3, 3, 3, 3, 3, 5, 3, 3, 3, 3, 3, 3, 5, 3, 3, 3, 3, 5, 3, 3, 3, 5, 5, 5, 3, 7, 3, 3, 3, 3, 3, 3, 5, 5, 3, 5, 3, 5, 5, 3, 3, 5, 3, 5, 3, 3, 3, 3] 

	- [5, 5, 7, 5, 7, 7, 7, 7, 5, 7, 5, 5, 7, 7, 7, 7, 7, 5, 7, 7, 7, 5, 2, 5, 2, 7, 7, 7, 7, 7, 7, 7, 7, 7, 7, 3, 7, 5, 7, 7, 7, 7, 1, 3, 7, 5, 7, 7, 7, 7, 7, 5, 5, 5, 5, 7, 5, 5, 5, 5, 7, 7, 7, 7, 7, 7, 7, 7, 5, 7, 5, 7, 7, 7, 7, 7, 3, 5, 7, 7, 5, 5, 7, 7, 7, 7, 7, 5, 7, 7, 7, 7, 3, 5, 0, 5, 7, 5, 7, 5, 5, 7, 3, 5, 7, 7, 7, 3, 5, 5, 5, 5, 7, 5, 7, 5, 5, 7, 7, 7, 7, 5, 7, 7, 7, 7, 7, 7, 7, 3, 7, 7, 7, 2, 7, 5, 5, 7, 7, 5, 7, 7, 5, 7, 5, 7, 7, 7, 5, 5, 5, 7, 7, 5, 5, 7, 5, 7, 5, 7, 5, 7, 7, 7, 5, 7, 7, 7, 7, 5, 7, 7, 7, 7, 5, 5, 7, 4, 5, 5, 7, 7, 5, 5, 5, 7, 7, 7, 7, 5, 7, 7, 7, 5, 7, 7, 5, 2, 7, 7, 7, 5, 7, 7, 7, 5, 7, 7, 5, 5, 7, 5, 7, 7, 7, 5, 2, 3, 7, 5, 7, 5, 7, 7, 5, 7, 0, 7, 7, 7, 7, 7, 7, 7, 7, 7, 7, 7, 7, 7, 5, 7, 7, 3, 7, 7, 7, 5, 7, 7, 5, 5, 5, 7, 7, 5, 7, 7, 7, 7, 7, 7, 7, 7, 7, 5, 7, 7, 5, 7, 7, 5, 7, 5, 7, 3, 7, 7, 7, 7, 5, 2, 5, 7, 7, 2, 7, 7, 7, 7, 7, 7, 7, 7, 5, 5, 1, 4, 1, 7, 5, 7, 5, 7, 3, 7, 7, 7, 3, 7, 5, 7, 5, 3, 5, 7, 5, 5, 5, 5, 5, 7, 5, 7, 7, 7, 5, 7, 5, 7, 7, 5, 7, 7, 7, 7, 7, 5, 3, 5, 7, 7, 7, 7, 5, 3, 7, 7, 7, 7, 5, 5, 7, 7, 7, 7, 7, 5, 7, 7, 7, 7, 7, 5, 0, 5, 5, 7, 7, 7, 7, 7, 7, 7, 7, 5, 5, 5, 5, 7, 7, 5, 5, 7, 7, 7, 7, 5, 7, 7, 7, 5, 7, 5, 7, 7, 7, 5, 5, 7, 7, 7, 7, 5, 7, 7, 7, 7, 7, 3, 7, 5, 7, 7, 7, 5, 5, 7, 7, 7, 7, 7, 3, 7, 7, 7, 1, 7, 7, 7, 7, 5, 7, 5, 5, 7, 7, 7, 5, 7, 7, 5, 7, 7, 2, 7, 7, 7, 7, 7, 5, 5, 1, 5, 7, 7, 7, 5, 7, 7, 5, 7, 7, 5, 7, 7, 7, 7, 5, 7, 7, 7, 5, 7, 2, 3, 7, 7, 7, 5, 5, 7, 7, 7, 5, 5, 7, 7, 1, 7, 7, 5, 7, 5, 7, 5, 7, 7, 5, 7, 5, 5, 7, 7, 7, 3, 7, 7, 5, 7, 7, 7, 5, 5, 5, 7, 7, 7, 5, 7, 5, 7, 7, 7, 5, 2, 3, 5, 7, 7, 5, 7, 7, 5, 7, 5, 7, 7, 1, 5, 4, 3, 7, 5, 5, 5, 5, 7, 7, 5, 2, 7, 5, 5, 5, 5, 2, 2, 2, 7, 5, 5, 7, 5, 7, 7, 7, 5, 7, 7, 7, 5, 7, 5, 5, 5, 7, 5, 5, 5, 5, 7, 5, 7, 7, 7, 7, 7, 5, 5, 7, 7, 7, 7, 7, 7, 7, 7, 5, 7, 7, 7, 7, 7, 7, 7, 7, 7, 7, 7, 7, 5, 7, 5, 2, 7, 7, 7, 5, 7, 7, 7, 7, 7, 7, 5, 7, 5, 1, 7, 7, 7, 7, 3, 5, 7, 5, 5, 5, 7, 7, 7, 7, 7, 1, 7, 7, 7, 7, 5, 7, 7, 2, 7, 7, 1, 7, 7, 7, 7, 7, 7, 7, 5, 5, 5, 5, 7, 7, 7, 2, 7] 

	- [3, 1, 1, 1, 1, 1, 1, 1, 5, 1, 1, 1, 5, 1, 1, 1, 1, 1, 1, 1, 1, 1, 1, 1, 1, 7, 1, 1, 1, 1, 1, 1, 7, 1, 1, 1, 1, 1, 6, 1, 1, 1, 7, 1, 1, 1, 1, 1, 1, 1, 3, 1, 1, 5, 1, 1, 1, 1, 1, 1, 5, 1, 1, 1, 1, 1, 1, 1, 5, 1, 1, 1, 1, 1, 1, 5, 1, 5, 1, 5, 1, 1, 1, 5, 5, 1, 1, 1, 1, 1, 3, 1, 1, 5, 1, 1, 2, 1, 7, 1, 1, 5, 1, 5, 1, 1, 1, 1, 1, 1, 1, 1, 1, 1, 1, 1, 3, 1, 1, 1, 1, 1, 1, 1, 5, 1, 1, 1, 5, 1, 2, 1, 1, 7, 1, 5, 1, 1, 1, 1, 1, 1, 1, 1, 1, 1, 1, 1, 1, 1, 1, 1, 1, 1, 1, 1, 1, 1, 1, 1, 1, 1, 1, 1, 1, 7, 1, 1, 5, 3, 1, 1, 5, 1, 1, 1, 1, 1, 1, 2, 1, 1, 1, 1, 1, 1, 1, 1, 1, 1, 1, 1, 1, 1, 5, 1, 1, 1, 5, 5, 1, 1, 1, 1, 1, 1, 1, 1, 1, 1, 1, 1, 1, 1, 1, 1, 1, 1, 1, 3, 1, 1, 1, 5, 1, 1, 1, 1, 1, 1, 1, 1, 1, 1, 1, 5, 1, 1, 1, 1, 1, 1, 1, 1, 1, 1, 1, 1, 1, 5, 1, 1, 1, 1, 1, 1, 1, 1, 1, 1, 1, 1, 1, 1, 1, 1, 1, 1, 1, 1, 1, 1, 1, 1, 1, 1, 1, 1, 1, 1, 1, 1, 1, 1, 1, 1, 1, 1, 1, 1, 1, 1, 1, 1, 1, 1, 1, 1, 1, 1, 1, 1, 1, 1, 1, 1, 1, 1, 1, 1, 1, 3, 1, 1, 1, 1, 1, 1, 3, 7, 3, 1, 1, 1, 1, 1, 1, 1, 5, 1, 1, 1, 1, 1, 1, 5, 1, 1, 1, 1, 1, 1, 1, 1, 1, 1, 1, 1, 1, 1, 1, 1, 1, 1, 1, 1, 1, 1, 1, 1, 2, 1, 1, 1, 2, 1, 1, 1, 1, 1, 1, 1, 1, 3, 1, 1, 1, 1, 1, 4, 1, 1, 5, 1, 1, 1, 1, 1, 1, 1, 1, 1, 1, 1, 1, 3, 1, 1, 1, 1, 1, 1, 1, 1, 1, 1, 1, 1, 1, 1, 2, 1, 1, 1, 5, 1, 1, 1, 1, 1, 1, 1, 1, 1, 1, 1, 1, 1, 1, 1, 1, 1, 1, 1, 1, 7, 1, 1, 5, 1, 5, 2, 1, 1, 1, 1, 3, 1, 1, 5, 1, 1, 1, 1, 1, 1, 1, 1, 1, 1, 1, 1, 1, 1, 1, 1, 1, 1, 1, 1, 1, 1, 1, 1, 1, 1, 1, 1, 1, 1, 1, 1, 1, 1, 1, 1, 1, 1, 1, 3, 1, 1, 1, 1, 1, 1, 1, 1, 1, 1] 

##### Multivariate Clustering (Input Samples + Saliency Maps) - class 1 #####
number of classes to cluster (ground truth): 4
determined k: 4

cluster distribution: [384, 471, 451, 457]
ground truth per cluster:
	- [3, 5, 5, 5, 5, 5, 5, 5, 5, 5, 5, 5, 5, 2, 5, 5, 5, 5, 5, 5, 5, 3, 6, 5, 7, 5, 5, 5, 5, 5, 5, 5, 5, 5, 5, 5, 5, 5, 3, 5, 5, 5, 5, 5, 5, 5, 5, 5, 5, 5, 0, 5, 3, 5, 5, 0, 5, 5, 5, 5, 5, 5, 5, 5, 5, 3, 5, 5, 5, 5, 5, 5, 5, 5, 3, 5, 5, 5, 5, 5, 3, 5, 5, 5, 5, 3, 5, 3, 5, 5, 2, 7, 5, 7, 5, 7, 3, 5, 5, 5, 5, 5, 5, 5, 3, 5, 5, 5, 5, 3, 5, 5, 5, 5, 5, 5, 5, 5, 5, 5, 3, 5, 5, 5, 5, 5, 5, 5, 5, 5, 5, 5, 5, 5, 5, 3, 5, 3, 3, 2, 5, 5, 5, 5, 5, 5, 5, 5, 5, 5, 5, 5, 3, 3, 5, 5, 0, 5, 7, 5, 5, 5, 5, 3, 5, 5, 5, 5, 5, 5, 5, 5, 5, 5, 5, 5, 5, 7, 5, 5, 5, 3, 5, 5, 5, 5, 5, 5, 0, 5, 5, 5, 5, 3, 5, 5, 3, 5, 5, 5, 3, 5, 3, 5, 5, 5, 5, 5, 5, 5, 5, 5, 5, 3, 5, 5, 5, 5, 5, 5, 5, 0, 5, 5, 5, 3, 5, 5, 5, 3, 5, 5, 5, 5, 5, 5, 5, 5, 3, 5, 5, 5, 5, 5, 5, 5, 5, 5, 3, 5, 5, 5, 5, 5, 5, 5, 2, 5, 5, 5, 5, 3, 5, 5, 5, 5, 5, 5, 5, 5, 5, 5, 5, 5, 5, 5, 5, 5, 5, 5, 5, 5, 5, 5, 5, 5, 5, 5, 5, 7, 3, 5, 5, 5, 5, 5, 5, 5, 5, 5, 5, 2, 5, 5, 5, 3, 5, 5, 5, 5, 4, 5, 5, 5, 5, 5, 2, 5, 5, 5, 5, 2, 5, 5, 5, 5, 5, 5, 5, 5, 5, 5, 5, 5, 5, 5, 5, 5, 5, 5, 5, 5, 5, 5, 5, 5, 5, 5, 5, 5, 5, 5, 5, 5, 5, 5, 7, 5, 5, 2, 5, 5, 3, 5, 5, 5, 5, 5, 7, 5, 5, 5, 2, 3, 5, 5, 5, 3, 5, 5, 5, 5, 5, 2] 

	- [3, 3, 3, 3, 5, 3, 5, 5, 3, 3, 3, 5, 3, 3, 3, 3, 3, 3, 3, 3, 3, 3, 3, 3, 3, 3, 3, 7, 3, 3, 3, 3, 7, 3, 3, 3, 3, 3, 3, 7, 3, 5, 3, 5, 5, 5, 5, 3, 3, 3, 3, 3, 5, 3, 3, 3, 3, 3, 3, 3, 5, 3, 3, 3, 3, 3, 3, 3, 3, 3, 3, 3, 3, 5, 3, 3, 3, 3, 3, 3, 3, 5, 3, 3, 5, 3, 3, 3, 3, 3, 3, 3, 2, 3, 3, 3, 5, 3, 3, 3, 3, 3, 3, 3, 5, 3, 3, 3, 3, 3, 3, 5, 3, 7, 4, 3, 3, 3, 3, 3, 7, 3, 5, 5, 5, 3, 5, 4, 3, 3, 3, 3, 5, 3, 4, 3, 3, 5, 3, 3, 4, 3, 3, 3, 3, 5, 5, 7, 3, 3, 5, 5, 3, 3, 3, 3, 3, 2, 3, 3, 3, 3, 3, 3, 3, 3, 3, 3, 3, 3, 3, 3, 3, 3, 3, 3, 3, 3, 3, 7, 3, 3, 5, 3, 3, 3, 3, 3, 3, 4, 2, 3, 3, 3, 3, 2, 3, 3, 3, 4, 5, 4, 7, 5, 3, 3, 3, 5, 3, 3, 3, 5, 3, 5, 3, 3, 3, 3, 3, 5, 3, 3, 5, 3, 3, 3, 5, 3, 3, 5, 5, 3, 3, 3, 5, 7, 3, 3, 3, 3, 3, 3, 3, 3, 3, 3, 3, 3, 3, 3, 3, 3, 3, 3, 7, 3, 3, 3, 3, 3, 3, 4, 3, 3, 3, 5, 5, 3, 3, 3, 3, 3, 3, 3, 4, 3, 3, 3, 7, 5, 3, 7, 3, 3, 3, 3, 3, 5, 5, 3, 3, 5, 3, 3, 3, 3, 3, 3, 3, 3, 3, 3, 3, 7, 3, 3, 3, 3, 7, 3, 3, 3, 3, 3, 3, 1, 3, 3, 3, 5, 3, 3, 3, 3, 3, 5, 3, 3, 3, 7, 3, 2, 3, 3, 3, 3, 3, 3, 3, 3, 3, 4, 5, 3, 3, 3, 1, 3, 3, 3, 3, 5, 3, 3, 7, 3, 3, 3, 3, 3, 3, 5, 3, 3, 3, 3, 3, 3, 3, 3, 3, 3, 3, 3, 3, 3, 3, 3, 3, 5, 3, 3, 3, 5, 4, 5, 3, 3, 3, 3, 3, 3, 2, 2, 3, 3, 3, 3, 3, 3, 3, 3, 3, 5, 3, 3, 5, 3, 3, 3, 3, 5, 3, 3, 3, 3, 3, 3, 3, 7, 3, 5, 3, 3, 5, 3, 3, 3, 3, 3, 7, 4, 3, 3, 3, 3, 3, 3, 5, 3, 3, 3, 3, 3, 3, 5, 3, 3, 5, 3, 3, 3, 3, 3, 5, 5, 3, 7, 3, 3, 3, 3, 3, 3, 3, 3, 5, 3, 3, 3, 3] 

	- [1, 1, 1, 1, 1, 1, 1, 1, 1, 1, 1, 1, 1, 1, 1, 1, 1, 1, 1, 1, 1, 1, 1, 1, 1, 1, 1, 1, 1, 1, 1, 1, 1, 1, 1, 1, 1, 1, 1, 1, 1, 1, 1, 1, 1, 1, 1, 1, 1, 1, 1, 1, 1, 1, 1, 1, 1, 1, 1, 1, 1, 1, 1, 1, 1, 1, 1, 1, 1, 1, 1, 1, 1, 1, 1, 1, 1, 1, 1, 1, 1, 1, 1, 1, 1, 1, 1, 1, 1, 1, 1, 1, 1, 1, 1, 1, 1, 1, 1, 1, 1, 1, 5, 1, 1, 1, 1, 2, 1, 1, 1, 1, 1, 1, 1, 1, 1, 1, 1, 1, 1, 1, 1, 1, 1, 1, 1, 1, 1, 1, 1, 1, 1, 1, 5, 1, 1, 1, 1, 1, 1, 1, 1, 1, 1, 1, 1, 1, 1, 1, 1, 1, 1, 1, 1, 1, 1, 1, 1, 1, 1, 1, 1, 1, 1, 1, 1, 1, 1, 1, 1, 1, 1, 1, 1, 1, 1, 1, 1, 1, 1, 1, 1, 1, 1, 1, 1, 1, 1, 1, 1, 1, 1, 1, 1, 1, 1, 1, 1, 1, 1, 1, 1, 1, 1, 1, 1, 1, 1, 1, 1, 1, 1, 1, 1, 1, 1, 1, 1, 1, 1, 1, 1, 1, 1, 1, 1, 1, 1, 1, 1, 1, 1, 1, 1, 1, 1, 1, 1, 1, 1, 1, 1, 1, 1, 1, 1, 1, 1, 1, 1, 1, 1, 1, 1, 1, 1, 1, 1, 1, 1, 1, 1, 1, 1, 1, 1, 1, 1, 1, 1, 1, 1, 1, 1, 1, 1, 1, 1, 1, 1, 1, 1, 1, 1, 1, 1, 1, 1, 1, 1, 1, 1, 1, 1, 1, 1, 1, 1, 1, 1, 1, 1, 1, 1, 1, 1, 1, 1, 1, 1, 1, 1, 1, 1, 1, 1, 1, 1, 1, 1, 1, 1, 1, 2, 1, 1, 1, 1, 1, 1, 1, 1, 1, 1, 1, 1, 1, 1, 1, 1, 1, 1, 1, 1, 1, 1, 1, 1, 1, 1, 1, 1, 1, 1, 1, 1, 1, 1, 1, 1, 1, 1, 1, 1, 1, 1, 1, 1, 1, 1, 1, 1, 1, 1, 1, 1, 1, 1, 1, 1, 1, 1, 1, 1, 1, 1, 1, 1, 1, 1, 1, 1, 1, 1, 1, 1, 1, 1, 1, 1, 1, 1, 1, 1, 1, 1, 1, 1, 1, 1, 1, 1, 1, 1, 1, 1, 1, 1, 1, 1, 1, 1, 1, 1, 1, 1, 1, 1, 1, 1, 1, 1, 1, 1, 1, 1, 1, 1, 1, 1, 1, 1, 1, 1, 1, 1, 1, 1, 1, 1] 

	- [7, 7, 7, 7, 7, 7, 7, 7, 7, 7, 7, 7, 7, 7, 7, 7, 7, 7, 7, 2, 7, 7, 7, 7, 7, 7, 7, 7, 7, 7, 7, 7, 7, 7, 7, 7, 7, 7, 3, 7, 7, 7, 7, 7, 7, 7, 7, 7, 7, 7, 7, 7, 7, 7, 7, 7, 7, 7, 7, 7, 7, 7, 7, 7, 7, 7, 7, 7, 7, 7, 7, 7, 7, 3, 7, 7, 7, 7, 7, 3, 7, 7, 7, 7, 7, 7, 7, 7, 7, 7, 7, 7, 7, 7, 7, 7, 7, 7, 7, 7, 7, 7, 7, 7, 7, 7, 7, 7, 7, 7, 7, 7, 7, 7, 7, 7, 7, 7, 7, 7, 7, 7, 7, 7, 7, 7, 3, 7, 7, 7, 7, 7, 7, 7, 7, 7, 7, 7, 7, 7, 3, 7, 7, 7, 7, 7, 2, 7, 7, 7, 7, 4, 7, 7, 7, 7, 7, 7, 7, 7, 7, 7, 7, 7, 7, 7, 7, 7, 7, 7, 7, 7, 7, 7, 7, 7, 7, 7, 7, 7, 7, 7, 7, 7, 7, 7, 7, 7, 7, 7, 7, 7, 7, 7, 7, 7, 7, 7, 7, 7, 7, 7, 7, 7, 5, 7, 7, 7, 7, 7, 7, 7, 7, 7, 7, 7, 7, 7, 7, 7, 7, 7, 7, 7, 7, 7, 7, 7, 7, 7, 7, 7, 7, 7, 7, 7, 7, 7, 7, 7, 7, 7, 7, 7, 7, 7, 7, 7, 7, 7, 7, 7, 7, 7, 7, 5, 7, 7, 7, 7, 7, 7, 7, 7, 7, 7, 7, 7, 7, 5, 7, 3, 7, 7, 7, 7, 7, 7, 7, 7, 7, 7, 7, 7, 7, 7, 7, 4, 7, 7, 7, 7, 7, 7, 7, 7, 7, 7, 7, 5, 7, 7, 5, 7, 7, 7, 7, 7, 7, 7, 7, 7, 3, 7, 7, 2, 7, 7, 7, 7, 7, 7, 7, 7, 7, 7, 7, 7, 7, 7, 3, 7, 7, 7, 7, 7, 7, 7, 7, 7, 7, 7, 7, 7, 7, 7, 7, 7, 5, 7, 7, 7, 7, 7, 7, 7, 5, 5, 7, 7, 7, 7, 7, 7, 7, 7, 7, 7, 7, 7, 2, 7, 7, 7, 7, 7, 7, 7, 7, 7, 7, 7, 7, 7, 7, 7, 7, 7, 7, 2, 7, 7, 7, 7, 7, 7, 7, 7, 7, 7, 7, 7, 7, 7, 7, 7, 7, 7, 7, 7, 7, 7, 7, 7, 7, 7, 7, 7, 7, 5, 7, 7, 7, 7, 7, 7, 7, 7, 7, 7, 7, 7, 7, 7, 7, 7, 3, 7, 7, 7, 3, 7, 7, 7, 7, 7, 7, 7, 7, 7, 7, 7, 7, 7, 7, 7, 7] 

### Eval the 3 Cases - Comparison

for saliency maps:	ARI: 0.530, NMI: 0.516, V-measure: 0.516, Purity: 0.759
for input samples:	ARI: 0.511, NMI: 0.520, V-measure: 0.520, Purity: 0.700
for multivariate:	ARI: 0.773, NMI: 0.737, V-measure: 0.737, Purity: 0.889

######################################################################################################################################
######################################################################################################################################
######################################################################################################################################
######################################################################################################################################

##### Multivariate Clustering (Input Samples + Saliency Maps) - class 0 #####

k = 4, GT = 4

cluster sizes: [359, 446, 434, 532]

[2, 2, 2, 2, 6, 2, 2, 2, 2, 2, 2, 2, 2, 2, 2, 2, 2, 2, 2, 2, 6, 2, 2, 2, 2, 2, 2, 2, 2, 2, 2, 2, 2, 2, 2, 5, 2, 2, 2, 2, 2, 2, 6, 6, 6, 2, 2, 2, 2, 2, 2, 2, 6, 2, 2, 2, 2, 2, 2, 2, 2, 2, 2, 2, 2, 6, 2, 2, 2, 2, 2, 4, 2, 2, 2, 2, 2, 2, 2, 2, 2, 2, 2, 2, 2, 6, 2, 2, 6, 2, 2, 0, 2, 2, 2, 2, 2, 2, 2, 2, 2, 2, 6, 2, 0, 2, 2, 2, 2, 2, 2, 2, 2, 2, 2, 0, 2, 6, 2, 2, 2, 2, 2, 2, 2, 2, 2, 2, 2, 2, 2, 2, 2, 2, 2, 2, 2, 2, 2, 2, 2, 2, 2, 5, 2, 2, 2, 2, 2, 4, 2, 2, 2, 2, 2, 2, 2, 2, 6, 2, 2, 2, 2, 6, 2, 2, 2, 2, 2, 2, 2, 2, 2, 2, 2, 4, 2, 2, 2, 2, 2, 2, 2, 2, 2, 4, 2, 2, 6, 2, 5, 6, 2, 2, 6, 2, 2, 2, 2, 2, 2, 2, 2, 2, 2, 2, 2, 2, 6, 2, 2, 4, 2, 2, 4, 2, 2, 2, 2, 2, 2, 2, 2, 2, 2, 6, 2, 4, 2, 2, 2, 2, 2, 2, 2, 2, 4, 2, 2, 2, 5, 2, 2, 2, 2, 2, 2, 2, 2, 2, 2, 2, 2, 2, 2, 2, 2, 2, 2, 2, 2, 2, 2, 2, 2, 2, 4, 2, 2, 2, 2, 6, 6, 2, 2, 2, 2, 2, 2, 2, 4, 2, 2, 2, 2, 6, 2, 2, 6, 2, 2, 4, 2, 2, 2, 2, 2, 2, 2, 2, 2, 2, 2, 2, 2, 2, 2, 2, 2, 2, 2, 2, 4, 6, 2, 2, 2, 2, 2, 2, 2, 2, 2, 2, 2, 2, 2, 2, 2, 0, 2, 2, 2, 4, 4, 4, 5, 6, 2, 6, 2, 2, 2, 2, 2, 2, 2, 4, 5, 6, 2, 2, 6, 2, 2, 2, 2, 4, 6],

 [3, 0, 6, 6, 6, 6, 6, 5, 6, 6, 0, 6, 6, 6, 6, 6, 6, 6, 6, 6, 6, 6, 6, 2, 6, 6, 6, 6, 2, 6, 6, 6, 6, 6, 2, 2, 6, 6, 6, 6, 6, 6, 6, 6, 6, 6, 2, 6, 6, 2, 6, 6, 6, 6, 6, 6, 6, 6, 0, 6, 6, 6, 2, 6, 6, 6, 6, 6, 6, 6, 6, 6, 6, 2, 6, 6, 6, 4, 6, 6, 6, 6, 6, 6, 6, 6, 6, 6, 6, 6, 6, 6, 6, 6, 6, 6, 6, 2, 6, 6, 6, 6, 6, 6, 6, 6, 6, 6, 2, 6, 6, 2, 6, 6, 6, 6, 6, 6, 6, 1, 6, 6, 6, 6, 2, 6, 6, 6, 0, 6, 6, 6, 2, 0, 6, 6, 0, 2, 0, 6, 6, 6, 6, 6, 6, 6, 6, 6, 2, 6, 6, 6, 6, 6, 6, 6, 6, 6, 6, 2, 6, 6, 6, 6, 6, 6, 6, 6, 6, 6, 6, 6, 6, 4, 6, 6, 6, 6, 6, 6, 6, 6, 0, 6, 6, 6, 2, 6, 6, 6, 6, 4, 6, 6, 6, 6, 6, 6, 6, 6, 6, 6, 6, 6, 2, 6, 6, 6, 6, 2, 2, 6, 6, 4, 6, 6, 6, 6, 6, 6, 2, 6, 6, 6, 6, 5, 6, 6, 6, 6, 6, 6, 6, 6, 2, 6, 6, 0, 2, 6, 6, 6, 0, 6, 2, 6, 6, 6, 6, 6, 6, 6, 6, 2, 6, 6, 6, 2, 6, 0, 6, 6, 6, 6, 6, 6, 6, 6, 2, 0, 5, 6, 6, 6, 6, 6, 2, 6, 6, 6, 6, 6, 6, 6, 6, 6, 2, 6, 6, 4, 6, 6, 6, 6, 6, 6, 6, 6, 6, 6, 6, 6, 6, 6, 6, 6, 6, 2, 6, 2, 6, 6, 6, 6, 6, 6, 2, 6, 0, 6, 6, 6, 0, 0, 6, 2, 6, 6, 6, 6, 6, 6, 0, 6, 6, 6, 6, 6, 6, 5, 6, 0, 2, 6, 6, 6, 0, 6, 4, 5, 6, 6, 6, 2, 6, 6, 6, 6, 2, 6, 6, 6, 6, 6, 6, 6, 6, 6, 6, 2, 6, 6, 6, 6, 6, 6, 6, 0, 6, 6, 6, 6, 6, 6, 6, 6, 6, 6, 6, 6, 6, 6, 4, 6, 6, 6, 6, 6, 2, 6, 6, 6, 2, 6, 6, 6, 6, 6, 6, 6, 6, 2, 4, 6, 6, 6, 6, 5, 6, 6, 0, 6, 6, 0, 0, 6, 6, 6, 6, 6, 6, 6, 6, 6, 6, 6, 6, 6, 6, 2, 6, 2, 6, 6, 6, 6], 

[4, 4, 4, 4, 4, 5, 4, 4, 4, 4, 4, 4, 4, 4, 2, 4, 4, 4, 4, 4, 4, 6, 4, 4, 4, 4, 4, 4, 4, 4, 4, 4, 4, 4, 4, 4, 4, 4, 4, 4, 4, 5, 4, 4, 4, 4, 3, 4, 4, 4, 4, 4, 4, 5, 4, 4, 4, 4, 3, 4, 4, 4, 4, 4, 4, 4, 4, 4, 4, 4, 4, 4, 4, 4, 4, 4, 4, 4, 3, 4, 4, 4, 4, 4, 4, 4, 4, 2, 4, 4, 4, 5, 4, 4, 4, 4, 4, 4, 4, 2, 4, 4, 4, 4, 3, 4, 4, 4, 4, 4, 4, 4, 4, 4, 4, 4, 4, 4, 4, 4, 4, 4, 6, 4, 4, 4, 4, 4, 4, 4, 3, 4, 4, 4, 2, 4, 4, 4, 4, 4, 4, 4, 4, 4, 4, 4, 4, 3, 4, 4, 4, 4, 4, 4, 4, 4, 4, 4, 4, 3, 4, 4, 4, 4, 4, 4, 4, 4, 4, 4, 4, 4, 4, 4, 4, 4, 4, 4, 4, 4, 4, 4, 2, 4, 4, 4, 5, 4, 4, 4, 6, 4, 4, 4, 4, 4, 4, 4, 4, 4, 4, 5, 4, 4, 4, 4, 4, 4, 2, 3, 4, 4, 4, 4, 4, 4, 4, 4, 4, 4, 4, 4, 4, 4, 4, 4, 4, 4, 4, 4, 4, 4, 4, 4, 4, 3, 4, 4, 4, 4, 4, 4, 4, 4, 4, 4, 4, 4, 5, 4, 4, 4, 4, 4, 4, 4, 4, 4, 4, 4, 3, 4, 4, 4, 4, 4, 4, 3, 4, 2, 4, 4, 4, 4, 3, 4, 4, 4, 4, 4, 2, 4, 4, 4, 4, 4, 4, 4, 4, 4, 4, 2, 4, 4, 4, 4, 4, 4, 4, 4, 4, 2, 3, 4, 4, 4, 3, 4, 4, 4, 4, 4, 4, 4, 5, 4, 4, 5, 4, 4, 4, 4, 4, 4, 3, 4, 4, 4, 4, 4, 4, 4, 4, 4, 4, 4, 4, 4, 4, 4, 5, 4, 4, 4, 4, 4, 4, 4, 4, 4, 4, 4, 4, 4, 4, 4, 4, 4, 4, 4, 4, 2, 2, 4, 4, 6, 4, 4, 0, 3, 4, 4, 4, 4, 4, 5, 4, 4, 6, 4, 4, 4, 4, 3, 4, 4, 4, 4, 4, 4, 4, 4, 4, 4, 4, 4, 4, 4, 4, 4, 4, 3, 4, 0, 4, 4, 4, 4, 4, 0, 4, 4, 4, 4, 4, 4, 4, 4, 4, 4, 4, 4, 4, 4, 4, 4, 4, 4, 4, 4, 4, 4, 4, 4], 

[0, 0, 0, 0, 0, 0, 0, 0, 0, 0, 6, 0, 0, 0, 0, 2, 0, 0, 0, 0, 0, 0, 0, 0, 2, 0, 0, 0, 0, 0, 0, 0, 0, 0, 0, 0, 0, 0, 0, 0, 0, 0, 6, 6, 0, 0, 0, 0, 0, 0, 0, 0, 0, 0, 0, 0, 0, 0, 6, 0, 0, 0, 0, 0, 0, 0, 0, 6, 0, 0, 0, 0, 0, 0, 5, 0, 0, 0, 0, 0, 2, 0, 0, 0, 0, 0, 2, 0, 0, 0, 0, 0, 0, 0, 0, 2, 0, 0, 2, 6, 0, 6, 0, 4, 1, 2, 0, 0, 0, 2, 0, 0, 0, 0, 2, 6, 0, 2, 0, 0, 0, 0, 0, 0, 2, 0, 0, 0, 6, 0, 2, 2, 0, 2, 0, 6, 4, 2, 0, 0, 2, 0, 0, 0, 0, 0, 0, 0, 0, 0, 2, 0, 0, 0, 0, 0, 2, 0, 0, 0, 0, 0, 0, 0, 0, 6, 4, 0, 0, 0, 0, 0, 2, 0, 6, 0, 0, 6, 0, 0, 0, 0, 0, 2, 0, 2, 0, 6, 0, 2, 0, 0, 0, 0, 0, 0, 0, 0, 0, 0, 0, 0, 0, 0, 6, 0, 0, 0, 0, 0, 0, 6, 0, 2, 0, 6, 4, 0, 0, 0, 0, 0, 2, 2, 0, 0, 0, 6, 0, 0, 0, 5, 0, 0, 0, 0, 0, 0, 0, 0, 0, 0, 0, 0, 0, 0, 2, 0, 0, 6, 0, 0, 0, 0, 6, 6, 2, 0, 0, 0, 4, 0, 0, 2, 0, 0, 0, 0, 4, 0, 2, 0, 0, 4, 0, 0, 0, 2, 0, 0, 0, 0, 0, 0, 0, 5, 2, 0, 0, 0, 0, 0, 0, 0, 6, 0, 6, 0, 0, 0, 0, 0, 0, 0, 6, 2, 0, 2, 0, 0, 0, 0, 0, 0, 0, 0, 2, 0, 0, 0, 0, 6, 0, 2, 0, 0, 2, 2, 6, 6, 0, 6, 0, 0, 2, 0, 0, 0, 0, 0, 6, 0, 0, 0, 0, 0, 6, 0, 6, 0, 0, 2, 0, 2, 0, 0, 0, 0, 0, 0, 2, 4, 2, 2, 0, 0, 0, 2, 2, 0, 0, 2, 0, 0, 0, 0, 0, 0, 0, 2, 0, 2, 0, 0, 0, 0, 0, 2, 0, 2, 0, 6, 0, 0, 0, 0, 0, 0, 0, 0, 6, 0, 0, 0, 0, 0, 0, 0, 6, 0, 0, 2, 0, 0, 0, 0, 6, 2, 2, 0, 0, 0, 0, 0, 0, 2, 0, 0, 0, 2, 0, 0, 2, 2, 0, 0, 0, 0, 0, 0, 2, 2, 0, 0, 0, 6, 0, 6, 0, 6, 0, 0, 0, 2, 0, 2, 2, 0, 2, 0, 0, 0, 0, 0, 0, 0, 0, 2, 0, 6, 0, 0, 0, 0, 6, 0, 0, 0, 6, 0, 0, 0, 0, 2, 6, 0, 0, 0, 2, 0, 0, 0, 0, 0, 0, 0, 0, 2, 0, 0, 0, 6, 0, 0, 0, 0, 0, 2, 0, 0, 0, 0, 0, 2, 0, 0, 0, 0, 0, 0, 6, 0, 6, 0, 0, 6, 0, 0, 0, 0, 6, 2]

##### Clustering for Input Samples - class 0 #####

k = 4, GT = 4

cluster sizes: [434, 630, 400, 307]

[0, 0, 0, 0, 0, 0, 0, 0, 0, 2, 0, 0, 0, 2, 0, 0, 0, 2, 0, 0, 0, 0, 0, 0, 0, 0, 0, 0, 0, 0, 0, 0, 0, 0, 0, 0, 0, 0, 2, 0, 0, 0, 2, 0, 2, 0, 0, 0, 2, 0, 0, 0, 0, 6, 2, 0, 0, 0, 0, 0, 0, 6, 0, 0, 6, 0, 0, 0, 0, 6, 0, 0, 0, 0, 0, 0, 0, 2, 0, 6, 0, 0, 0, 1, 6, 0, 0, 0, 0, 0, 2, 2, 0, 0, 0, 0, 0, 0, 0, 6, 2, 6, 2, 6, 2, 0, 0, 0, 0, 0, 0, 0, 0, 2, 2, 0, 0, 0, 0, 0, 6, 2, 0, 0, 0, 0, 0, 0, 0, 0, 0, 0, 0, 4, 0, 0, 0, 2, 6, 0, 6, 0, 0, 2, 6, 0, 2, 0, 0, 2, 0, 6, 0, 6, 0, 0, 0, 0, 0, 6, 0, 0, 0, 0, 0, 6, 0, 2, 0, 0, 0, 0, 0, 0, 0, 2, 6, 2, 6, 0, 4, 0, 0, 0, 2, 0, 2, 0, 2, 0, 0, 0, 0, 0, 0, 5, 0, 0, 0, 0, 0, 0, 0, 0, 6, 0, 0, 0, 0, 0, 2, 0, 2, 0, 0, 0, 2, 5, 0, 0, 2, 0, 0, 0, 2, 0, 0, 0, 0, 0, 0, 0, 0, 0, 0, 0, 0, 0, 0, 0, 0, 6, 2, 0, 0, 5, 0, 0, 0, 6, 0, 0, 2, 0, 0, 0, 0, 0, 0, 6, 0, 2, 6, 0, 6, 2, 6, 0, 0, 0, 6, 0, 0, 0, 0, 0, 0, 0, 6, 2, 0, 6, 0, 0, 0, 0, 0, 0, 0, 6, 0, 6, 0, 0, 0, 0, 0, 2, 0, 0, 0, 2, 0, 2, 2, 2, 0, 2, 6, 2, 0, 0, 0, 0, 2, 0, 0, 0, 5, 0, 0, 0, 0, 0, 0, 5, 0, 0, 0, 0, 6, 0, 0, 0, 0, 0, 0, 0, 2, 0, 0, 0, 6, 0, 0, 0, 0, 0, 0, 0, 0, 0, 0, 2, 0, 0, 0, 0, 6, 0, 6, 0, 6, 0, 2, 0, 0, 2, 0, 2, 6, 2, 0, 0, 2, 0, 0, 0, 2, 2, 2, 0, 0, 6, 0, 0, 6, 2, 0, 0, 2, 0, 0, 0, 0, 2, 6, 0, 0, 0, 0, 0, 0, 0, 0, 2, 0, 2, 0, 0, 0, 0, 0, 0, 0, 0, 0, 0, 0, 0, 0, 6, 5, 0, 0, 0, 0, 0, 0, 2, 2, 0, 0, 0], 

[0, 0, 2, 6, 6, 6, 6, 6, 6, 5, 6, 6, 2, 6, 6, 6, 0, 6, 6, 0, 6, 6, 2, 6, 2, 2, 6, 6, 6, 6, 6, 6, 2, 6, 6, 6, 6, 6, 6, 6, 0, 0, 0, 6, 6, 2, 6, 2, 6, 0, 4, 2, 6, 2, 2, 6, 6, 0, 6, 6, 6, 6, 6, 6, 2, 6, 0, 6, 0, 6, 0, 6, 6, 2, 6, 6, 2, 5, 6, 6, 6, 6, 6, 0, 6, 0, 6, 6, 0, 6, 0, 0, 6, 0, 5, 6, 6, 0, 2, 6, 6, 6, 6, 6, 0, 2, 0, 6, 6, 6, 2, 6, 6, 6, 2, 0, 6, 6, 6, 2, 6, 6, 6, 6, 6, 6, 6, 2, 2, 6, 6, 6, 6, 6, 6, 6, 6, 6, 6, 6, 2, 6, 6, 0, 0, 2, 2, 6, 0, 6, 6, 6, 6, 6, 6, 6, 2, 6, 2, 0, 2, 0, 6, 0, 6, 6, 6, 6, 0, 6, 6, 1, 6, 6, 6, 6, 2, 0, 6, 2, 0, 6, 6, 0, 6, 6, 0, 6, 6, 0, 0, 2, 2, 6, 6, 0, 2, 6, 2, 6, 6, 6, 6, 4, 6, 0, 0, 0, 6, 6, 6, 6, 6, 2, 2, 6, 6, 0, 6, 6, 6, 0, 0, 6, 6, 6, 6, 2, 6, 6, 6, 6, 6, 2, 6, 6, 6, 6, 6, 4, 6, 2, 6, 6, 6, 6, 6, 6, 0, 6, 6, 5, 6, 6, 0, 2, 6, 6, 6, 6, 6, 6, 6, 6, 6, 6, 6, 0, 2, 6, 6, 6, 6, 6, 6, 6, 6, 4, 6, 6, 2, 6, 6, 6, 6, 6, 0, 0, 6, 6, 2, 0, 6, 6, 4, 2, 6, 6, 6, 6, 6, 6, 6, 6, 6, 2, 2, 6, 6, 6, 6, 6, 6, 6, 6, 6, 6, 6, 0, 6, 6, 6, 0, 6, 6, 6, 6, 0, 6, 2, 2, 6, 6, 2, 0, 0, 2, 6, 4, 6, 6, 6, 0, 0, 2, 6, 6, 6, 6, 6, 6, 6, 6, 2, 6, 4, 6, 2, 6, 6, 2, 4, 2, 6, 6, 6, 2, 6, 6, 6, 6, 6, 4, 6, 6, 0, 2, 0, 6, 2, 6, 0, 6, 6, 2, 0, 6, 6, 6, 4, 6, 6, 2, 2, 2, 6, 6, 6, 6, 6, 0, 2, 0, 2, 6, 0, 0, 6, 6, 0, 6, 6, 6, 6, 6, 0, 6, 6, 6, 2, 2, 2, 2, 6, 0, 6, 6, 6, 0, 0, 0, 6, 6, 2, 6, 6, 6, 6, 0, 2, 2, 6, 4, 0, 0, 6, 6, 0, 6, 6, 0, 6, 6, 6, 2, 2, 0, 6, 6, 6, 6, 6, 0, 2, 6, 2, 6, 2, 6, 6, 6, 6, 0, 6, 6, 6, 6, 6, 0, 0, 0, 4, 2, 6, 6, 6, 2, 6, 6, 6, 6, 0, 6, 6, 6, 6, 6, 6, 6, 0, 2, 6, 6, 2, 6, 0, 0, 6, 2, 6, 6, 6, 6, 0, 6, 6, 2, 6, 6, 2, 4, 6, 2, 0, 0, 6, 6, 2, 0, 6, 0, 6, 6, 2, 0, 4, 6, 2, 6, 6, 6, 2, 0, 2, 0, 6, 0, 2, 5, 6, 6, 6, 2, 6, 6, 6, 2, 6, 6, 6, 4, 6, 6, 6, 6, 2, 2, 2, 6, 6, 6, 6, 6, 4, 6, 0, 2, 0, 6, 6, 6, 0, 6, 0, 5, 6, 2, 0, 6, 6, 6, 0, 0, 6, 6, 0, 0, 6, 6, 2, 6, 6, 2, 2, 6, 6, 6, 6, 6, 6, 6, 0, 6, 6, 2, 6, 6, 6, 2, 6, 2, 6, 6, 0, 6, 6, 6, 6, 6, 6], 
[2, 2, 2, 2, 4, 2, 4, 2, 2, 4, 2, 2, 2, 2, 2, 4, 4, 2, 2, 2, 2, 4, 2, 2, 2, 2, 2, 4, 2, 2, 5, 2, 2, 4, 4, 2, 2, 4, 2, 2, 3, 2, 2, 4, 4, 4, 2, 2, 4, 4, 4, 2, 2, 4, 2, 4, 4, 2, 2, 2, 2, 2, 2, 4, 4, 2, 2, 2, 2, 2, 2, 4, 2, 4, 2, 2, 2, 4, 4, 2, 2, 2, 2, 2, 4, 2, 2, 6, 2, 4, 2, 2, 2, 2, 2, 4, 2, 2, 2, 4, 2, 2, 2, 4, 2, 2, 2, 2, 2, 2, 2, 2, 2, 2, 4, 4, 2, 2, 2, 2, 2, 4, 2, 2, 2, 2, 2, 2, 2, 4, 4, 2, 2, 2, 2, 2, 2, 2, 2, 4, 4, 2, 2, 4, 2, 2, 4, 4, 2, 4, 4, 2, 2, 4, 2, 4, 2, 4, 2, 2, 2, 4, 4, 2, 2, 5, 4, 2, 2, 2, 2, 2, 2, 4, 4, 2, 5, 2, 2, 2, 2, 2, 4, 2, 2, 4, 2, 4, 2, 2, 2, 2, 4, 4, 4, 2, 2, 2, 2, 4, 2, 4, 4, 2, 2, 2, 2, 4, 4, 4, 2, 5, 2, 4, 4, 2, 2, 2, 4, 2, 5, 4, 4, 4, 2, 2, 4, 4, 4, 5, 2, 4, 2, 2, 2, 2, 2, 2, 4, 2, 2, 2, 2, 2, 4, 4, 2, 2, 2, 2, 2, 2, 4, 2, 2, 2, 4, 2, 4, 4, 2, 2, 2, 2, 2, 2, 2, 2, 4, 4, 2, 2, 2, 5, 2, 2, 2, 2, 2, 2, 2, 2, 2, 2, 2, 2, 2, 2, 4, 2, 2, 2, 4, 4, 4, 2, 2, 4, 2, 2, 2, 4, 2, 4, 2, 2, 2, 4, 4, 4, 2, 4, 4, 2, 4, 2, 2, 2, 2, 2, 2, 2, 4, 4, 2, 2, 2, 4, 2, 2, 4, 2, 4, 2, 4, 4, 2, 4, 2, 4, 2, 2, 2, 4, 2, 2, 2, 4, 2, 4, 2, 2, 2, 4, 4, 2, 2, 4, 2, 2, 4, 4, 2, 2, 2, 2, 2, 2, 2, 2, 2, 2, 4, 4, 2, 4, 4, 4, 2, 5, 2, 2, 2, 2, 2, 2, 4, 4, 2, 6, 2, 4, 2, 4, 4, 4, 4, 4, 4, 2], 

[4, 4, 3, 4, 4, 4, 5, 4, 4, 4, 4, 4, 4, 4, 4, 4, 4, 4, 4, 4, 4, 4, 4, 4, 4, 4, 4, 4, 4, 4, 4, 4, 4, 5, 4, 4, 4, 4, 3, 4, 4, 4, 4, 4, 0, 4, 4, 4, 4, 4, 4, 4, 4, 4, 4, 4, 4, 3, 4, 4, 4, 4, 4, 4, 4, 4, 4, 5, 4, 4, 4, 4, 4, 4, 4, 4, 4, 3, 4, 4, 4, 4, 4, 4, 4, 4, 4, 4, 4, 4, 4, 4, 4, 6, 4, 4, 0, 4, 4, 4, 3, 4, 4, 4, 4, 4, 4, 4, 4, 4, 4, 4, 3, 4, 4, 4, 4, 4, 4, 4, 4, 3, 4, 4, 4, 4, 4, 4, 4, 4, 4, 4, 4, 4, 4, 4, 4, 4, 4, 4, 4, 4, 4, 4, 4, 4, 4, 4, 4, 4, 4, 4, 4, 3, 4, 4, 4, 4, 4, 4, 4, 4, 4, 4, 4, 4, 4, 4, 4, 4, 4, 4, 4, 4, 3, 4, 4, 4, 4, 4, 4, 4, 4, 4, 4, 3, 4, 4, 4, 3, 4, 4, 4, 4, 3, 4, 4, 4, 4, 4, 4, 4, 4, 4, 4, 4, 4, 4, 4, 4, 4, 4, 4, 4, 4, 4, 3, 4, 3, 4, 4, 5, 5, 4, 4, 4, 4, 3, 4, 4, 4, 4, 4, 4, 4, 4, 4, 4, 5, 4, 4, 4, 4, 4, 4, 4, 4, 4, 0, 4, 4, 4, 4, 4, 4, 0, 3, 4, 4, 4, 4, 4, 4, 0, 4, 4, 4, 3, 0, 4, 4, 4, 4, 4, 0, 4, 4, 4, 4, 4, 4, 4, 4, 3, 4, 4, 4, 4, 4, 4, 4, 4, 4, 4, 4, 4, 4, 4, 4, 4, 4, 4, 4, 4, 4, 4, 4]

##### Clustering for Saliency Maps - class 0 #####

k = 3, GT = 4

cluster sizes: [644, 670, 457]

[0, 0, 2, 3, 0, 2, 6, 5, 6, 0, 2, 0, 0, 6, 0, 0, 0, 6, 0, 2, 0, 0, 2, 6, 6, 2, 0, 2, 0, 6, 0, 6, 2, 0, 0, 0, 0, 2, 0, 0, 0, 0, 0, 0, 6, 2, 0, 2, 0, 2, 0, 0, 0, 6, 6, 6, 0, 0, 0, 6, 0, 0, 6, 0, 0, 5, 6, 0, 6, 0, 0, 6, 0, 0, 2, 0, 0, 6, 0, 2, 6, 6, 6, 0, 6, 2, 0, 4, 0, 3, 6, 2, 6, 0, 0, 0, 0, 0, 5, 0, 4, 6, 6, 0, 0, 0, 2, 0, 6, 0, 6, 0, 0, 0, 2, 0, 6, 2, 4, 2, 0, 6, 4, 6, 4, 0, 0, 6, 6, 0, 6, 2, 0, 4, 0, 6, 0, 6, 1, 6, 0, 0, 0, 0, 2, 6, 0, 0, 2, 2, 0, 2, 0, 6, 0, 0, 4, 2, 0, 0, 6, 0, 0, 4, 0, 2, 0, 4, 2, 0, 2, 2, 2, 2, 0, 6, 2, 4, 0, 6, 4, 2, 0, 2, 4, 0, 6, 0, 0, 0, 4, 0, 0, 6, 0, 2, 2, 6, 2, 0, 3, 6, 0, 0, 2, 0, 0, 2, 0, 2, 0, 2, 2, 0, 0, 0, 0, 0, 0, 6, 4, 0, 0, 0, 0, 4, 0, 2, 0, 6, 0, 2, 6, 4, 0, 6, 6, 0, 0, 0, 6, 0, 6, 2, 2, 6, 0, 2, 6, 0, 4, 2, 0, 0, 0, 6, 6, 2, 0, 0, 2, 0, 5, 0, 6, 0, 0, 0, 0, 6, 6, 6, 2, 0, 0, 0, 5, 4, 6, 0, 2, 0, 2, 0, 0, 0, 6, 0, 0, 0, 6, 6, 0, 0, 0, 0, 0, 2, 0, 0, 0, 0, 0, 0, 2, 6, 2, 0, 6, 2, 6, 4, 0, 2, 0, 0, 0, 6, 6, 2, 2, 0, 2, 0, 2, 2, 0, 6, 2, 4, 6, 2, 0, 6, 0, 0, 4, 0, 4, 2, 0, 4, 6, 6, 0, 4, 4, 0, 0, 6, 6, 0, 0, 6, 0, 0, 2, 0, 0, 0, 5, 2, 0, 6, 0, 4, 2, 6, 6, 0, 0, 2, 6, 6, 2, 2, 0, 6, 0, 6, 0, 2, 0, 0, 0, 0, 0, 6, 4, 2, 0, 0, 6, 0, 0, 0, 0, 0, 0, 4, 0, 6, 0, 2, 2, 0, 4, 2, 6, 2, 2, 6, 6, 2, 2, 6, 0, 0, 0, 2, 0, 2, 0, 0, 6, 0, 0, 0, 0, 0, 4, 6, 0, 6, 0, 0, 0, 5, 2, 0, 0, 6, 0, 0, 0, 0, 2, 4, 6, 2, 2, 2, 6, 0, 0, 2, 2, 6, 4, 0, 2, 0, 0, 0, 2, 6, 6, 2, 0, 2, 0, 6, 2, 6, 2, 0, 2, 4, 2, 0, 0, 4, 0, 6, 2, 2, 0, 0, 6, 4, 0, 6, 0, 0, 0, 2, 2, 0, 6, 0, 2, 2, 0, 2, 0, 0, 0, 0, 0, 6, 6, 2, 2, 0, 4, 0, 0, 6, 2, 0, 0, 0, 0, 0, 2, 0, 0, 2, 4, 0, 0, 2, 6, 4, 0, 0, 0, 2, 6, 4, 4, 2, 0, 6, 0, 0, 0, 6, 0, 0, 2, 0, 0, 2, 0, 2, 0, 2, 2, 0, 6, 0, 0, 4, 4, 0, 0, 4, 2, 2, 0, 6, 0, 6, 0, 6, 6, 2, 4, 6, 2, 0, 0, 0, 0, 6, 0, 2, 0, 4, 6, 6, 6, 0, 2, 0, 0, 0, 0, 0, 0, 6, 0, 0, 0, 0, 6, 2, 2, 0, 6, 4, 0, 0, 4, 0, 0, 6, 0, 0, 6, 6, 2, 2, 0, 2, 2, 0, 4, 0, 0, 0, 4, 0, 0, 2, 6, 0, 4, 0, 6, 0, 6, 4], 

[4, 4, 4, 6, 4, 4, 6, 6, 4, 2, 5, 4, 6, 4, 6, 4, 4, 6, 4, 4, 2, 4, 2, 2, 4, 6, 6, 4, 4, 6, 2, 6, 6, 6, 4, 4, 6, 4, 4, 4, 4, 2, 4, 0, 6, 0, 4, 4, 0, 6, 4, 2, 4, 0, 4, 2, 4, 4, 2, 2, 4, 4, 4, 5, 4, 6, 6, 4, 4, 3, 2, 6, 2, 2, 4, 2, 4, 2, 6, 6, 2, 4, 5, 6, 4, 4, 6, 0, 6, 4, 2, 0, 4, 0, 6, 4, 6, 6, 4, 2, 6, 4, 6, 4, 6, 2, 6, 4, 2, 6, 4, 4, 2, 6, 6, 4, 4, 4, 0, 6, 4, 2, 2, 4, 4, 4, 6, 5, 6, 4, 4, 6, 6, 6, 2, 6, 6, 6, 4, 4, 2, 2, 6, 4, 6, 4, 4, 4, 6, 3, 4, 6, 6, 6, 4, 6, 2, 2, 2, 4, 4, 4, 4, 4, 6, 6, 6, 6, 4, 4, 6, 1, 4, 2, 4, 6, 6, 2, 6, 4, 0, 2, 0, 2, 0, 2, 2, 4, 2, 4, 4, 0, 6, 2, 0, 2, 6, 2, 4, 2, 4, 0, 6, 6, 4, 4, 2, 0, 6, 2, 6, 4, 2, 4, 6, 4, 2, 4, 4, 6, 3, 6, 4, 6, 2, 4, 6, 2, 6, 2, 4, 6, 4, 4, 6, 4, 4, 3, 4, 4, 6, 6, 4, 6, 4, 4, 6, 4, 4, 6, 4, 6, 4, 4, 4, 6, 4, 4, 6, 4, 6, 4, 6, 6, 6, 6, 4, 4, 6, 0, 4, 2, 2, 2, 4, 6, 2, 4, 4, 6, 6, 6, 2, 2, 6, 6, 6, 4, 6, 4, 4, 4, 4, 2, 4, 6, 6, 4, 4, 6, 5, 6, 2, 2, 4, 4, 4, 6, 2, 2, 4, 6, 4, 4, 4, 3, 4, 2, 6, 6, 6, 6, 6, 5, 4, 4, 0, 2, 4, 4, 4, 6, 6, 6, 6, 4, 4, 6, 6, 4, 4, 4, 4, 2, 4, 6, 0, 4, 0, 4, 4, 2, 6, 0, 2, 3, 4, 4, 4, 2, 2, 4, 4, 6, 4, 2, 6, 4, 4, 0, 5, 0, 6, 4, 6, 4, 6, 6, 6, 4, 6, 0, 4, 6, 4, 2, 6, 0, 4, 4, 4, 3, 4, 5, 6, 6, 6, 4, 2, 2, 4, 4, 6, 2, 6, 6, 6, 6, 0, 4, 2, 3, 6, 4, 6, 2, 6, 6, 4, 6, 3, 0, 4, 6, 4, 4, 4, 2, 2, 4, 4, 6, 4, 4, 4, 6, 2, 4, 4, 2, 2, 4, 4, 2, 4, 6, 6, 6, 6, 4, 6, 2, 6, 6, 0, 2, 0, 4, 6, 6, 4, 2, 2, 2, 4, 4, 2, 6, 0, 2, 6, 6, 3, 4, 2, 3, 6, 2, 4, 2, 2, 4, 0, 6, 6, 5, 6, 2, 5, 0, 0, 2, 2, 6, 2, 5, 0, 4, 4, 4, 6, 4, 4, 6, 3, 6, 5, 4, 6, 4, 6, 0, 4, 6, 6, 4, 2, 2, 6, 0, 6, 2, 6, 6, 6, 6, 6, 6, 6, 2, 4, 6, 4, 4, 6, 0, 4, 6, 6, 6, 5, 0, 6, 2, 6, 4, 2, 4, 4, 6, 4, 4, 4, 4, 2, 4, 2, 6, 6, 4, 2, 2, 4, 2, 6, 2, 4, 6, 4, 6, 2, 2, 6, 0, 3, 4, 2, 0, 4, 2, 6, 2, 6, 2, 2, 4, 6, 0, 6, 4, 2, 6, 6, 4, 4, 3, 4, 2, 6, 2, 4, 6, 4, 4, 6, 4, 4, 4, 4, 6, 4, 4, 2, 4, 4, 6, 4, 4, 3, 4, 0, 2, 2, 5, 0, 4, 4, 4, 4, 6, 2, 0, 5, 6, 4, 4, 4, 4, 0, 4, 6, 2, 2, 6, 4, 6, 6, 4, 4, 6, 6, 6, 6, 4, 6, 2, 6, 4, 4, 6, 2, 6, 4, 4, 6, 6, 4, 6, 6, 2], 

[2, 0, 2, 6, 0, 2, 4, 2, 2, 6, 0, 6, 2, 0, 6, 2, 2, 4, 6, 0, 4, 2, 6, 6, 2, 0, 6, 4, 2, 0, 4, 6, 2, 2, 6, 2, 4, 4, 2, 0, 2, 6, 4, 2, 4, 0, 2, 0, 2, 4, 2, 6, 4, 4, 0, 2, 6, 4, 2, 6, 4, 4, 2, 4, 2, 4, 4, 2, 3, 0, 2, 0, 2, 0, 4, 4, 4, 6, 2, 6, 2, 2, 6, 2, 2, 2, 6, 6, 2, 4, 4, 4, 2, 0, 2, 4, 2, 2, 6, 2, 6, 4, 2, 6, 2, 2, 6, 2, 6, 6, 6, 2, 4, 6, 4, 0, 2, 2, 2, 2, 6, 6, 4, 2, 2, 2, 4, 2, 0, 6, 4, 6, 0, 4, 2, 0, 4, 2, 2, 2, 6, 6, 4, 4, 6, 2, 2, 2, 0, 2, 2, 2, 2, 2, 4, 6, 6, 2, 4, 2, 0, 2, 4, 6, 2, 6, 2, 0, 2, 0, 0, 4, 6, 2, 6, 6, 4, 2, 2, 6, 4, 4, 0, 2, 4, 4, 0, 6, 6, 6, 4, 2, 0, 6, 2, 0, 0, 2, 2, 6, 2, 2, 0, 4, 0, 4, 0, 2, 5, 0, 6, 6, 2, 0, 6, 0, 2, 6, 4, 4, 2, 6, 2, 4, 4, 4, 2, 2, 2, 0, 2, 4, 6, 0, 6, 2, 6, 4, 6, 2, 4, 2, 6, 0, 2, 0, 6, 5, 4, 2, 4, 2, 4, 2, 2, 4, 2, 4, 6, 6, 2, 2, 2, 2, 2, 0, 2, 2, 6, 2, 4, 2, 4, 2, 4, 4, 2, 2, 0, 2, 6, 4, 2, 2, 2, 6, 4, 6, 2, 4, 4, 6, 6, 4, 2, 2, 2, 2, 4, 2, 2, 6, 6, 2, 6, 2, 2, 2, 2, 6, 6, 0, 2, 0, 0, 2, 2, 2, 2, 2, 6, 4, 6, 2, 2, 4, 4, 4, 0, 6, 4, 2, 0, 6, 2, 0, 0, 4, 6, 4, 2, 4, 0, 6, 6, 2, 4, 0, 0, 4, 6, 6, 4, 6, 2, 4, 4, 0, 2, 2, 2, 6, 4, 2, 6, 0, 4, 2, 2, 0, 0, 6, 4, 0, 2, 6, 4, 4, 6, 4, 4, 4, 4, 2, 2, 0, 4, 2, 6, 2, 0, 4, 2, 2, 5, 4, 4, 0, 4, 6, 6, 2, 0, 2, 6, 4, 4, 2, 2, 2, 2, 2, 6, 2, 2, 2, 2, 0, 2, 4, 6, 0, 4, 0, 6, 0, 4, 0, 0, 4, 0, 0, 6, 2, 6, 6, 2, 2, 4, 5, 0, 2, 4, 6, 0, 6, 2, 2, 2, 4, 0, 2, 6, 4, 4, 4, 4]

### Eval the 3 Cases - Comparison

for saliency maps:	ARI: 0.106, NMI: 0.107, V-measure: 0.107, Purity: 0.421
for input samples:	ARI: 0.426, NMI: 0.476, V-measure: 0.476, Purity: 0.712
for multivariate:	ARI: 0.615, NMI: 0.580, V-measure: 0.580, Purity: 0.823